Hourly Report for WAWP
STN YYYYMMDD GG QFE36   QFF36   TEMP36   DEWP36   RH36   WD36   WS36   WD36   WS36   RA36   
xxx                                                       10     10     60     60           
                hPa     hPa     degC     degC     %      deg    kt     deg    kt     mm     
000 20260601 00 10114   10129    286      254      83    137      5    126      4        0  
000 20260601 01 10117   10132    290      256      82    128      3    126      5        0  
000 20260601 02 10114   10129    290      258      83    141      5    137      5        0  
000 20260601 03 10107   10122    297      258      80    143      6    142      6        0  
000 20260601 04 10100   10115    309      262      76    154      5    154      6        0  
000 20260601 05 10093   10108    303      261      78    166      6    162      6        0  
000 20260601 06 10085   10100    305      259      77    164      4    149      5        0  
000 20260601 07 10079   10094    312      265      76    227      6    220      6        0  
000 20260601 08 10082   10097    303      260      78    226      5    232      6        0  
000 20260601 09 10085   10100    299      260      79    154      3    204      5        0  
000 20260601 10 10091   10106    288      267      89    174      3    168      3        0  
000 20260601 11 10096   10111    275      263      93    133      2    156      2        0  
000 20260601 12 10103   10118    263      260      98    360      0    150      2        0  
000 20260601 13 10106   10121    251      250     100    060      2    360      1        0  
000 20260601 14 10107   10123    247      246     100    230      2    079      2        0  
000 20260601 15 10109   10124    242      242     100    198      2    339      2        0  
000 20260601 16 10106   10122    237      237     100    156      2    158      1        0  
000 20260601 17 10102   10118    239      239     100    131      3    127      4        0  
000 20260601 18 10098   10113    240      240     100    137      3    136      3        0  
000 20260601 19 10096   10111    241      241     100    133      2    130      2        0  
000 20260601 20 10099   10114    241      241     100    094      3    115      3        0  
000 20260601 21 10098   10114    245      244     100    130      2    108      3        0  
000 20260601 22 10100   10116    242      241     100    117      3    143      3        0  
000 20260601 23 10107   10122    246      245     100    113      2    135      2        0  
000 20260602 00 10109   10124    274      247      86    215      1    147      2        0  
000 20260602 01 10109   10124    301      251      75    112      4    118      2        0  
000 20260602 02 10107   10122    307      252      73    308      5    317      4        0  
000 20260602 03 10103   10118    306      257      75    308      5    302      5        0  
000 20260602 04 10094   10109    309      261      76    279      6    293      6        0  
000 20260602 05 10086   10101    306      265      79    247      7    253      7        0  
000 20260602 06 10078   10093    303      267      81    230      7    232      6        0  
000 20260602 07 10071   10086    310      260      75    228      7    228      7        0  
000 20260602 08 10074   10089    296      262      82    142      3    183      5        0  
000 20260602 09 10078   10093    275      271      98    072      3    065      3        0  
000 20260602 10 10085   10101    270      269     100    056      5    062      3        0  
000 20260602 11 10090   10105    264      263     100    045      2    064      2        0  
000 20260602 12 10094   10109    256      256     100    046      1    061      3        0  
000 20260602 13 10096   10111    253      252     100    129      2    090      2        0  
000 20260602 14 10099   10115    248      247     100    163      1    088      2        0  
000 20260602 15 10099   10114    245      244     100    131      1    147      1        0  
000 20260602 16 10096   10111    243      243     100    114      2    124      3        0  
000 20260602 17 10094   10109    243      242     100    360      1    141      2        0  
000 20260602 18 10088   10103    241      240     100    129      1    137      2        0  
000 20260602 19 10086   10102    240      239     100    215      1    139      2        0  
000 20260602 20 10085   10100    238      237     100    139      2    145      1        0  
000 20260602 21 10089   10104    236      235     100    137      2    142      2        0  
000 20260602 22 10094   10109    234      234     100    360      1    360      1        0  
000 20260602 23 10100   10115    242      241     100    145      1    134      1        0  
000 20260603 00 10105   10120    276      262      92    141      2    113      2        0  
000 20260603 01 10104   10119    296      260      81    036      1    116      1        0  
000 20260603 02 10103   10118    300      264      81    303      4    304      3        0  
000 20260603 03 10096   10111    299      264      81    294      4    295      4        0  
000 20260603 04 10087   10102    305      267      81    288      5    293      4        0  
000 20260603 05 10078   10093    311      271      80    302      5    291      5        0  
000 20260603 06 10071   10085    311      274      80    298      5    295      6        0  
000 20260603 07 10070   10085    310      276      83    300      6    299      6        0  
000 20260603 08 10069   10084    281      271      94    294      3    250      5       62  
000 20260603 09 10072   10087    287      272      92    218      2    254      3        0  
000 20260603 10 10078   10093    278      274      98    154      1    163      2        0  
000 20260603 11 10084   10100    268      267     100    069      4    124      3        0  
000 20260603 12 10089   10104    262      262     100    360      1    058      3        5  
000 20260603 13 10093   10108    260      259     100    088      2    097      2        0  
000 20260603 14 10099   10115    259      258     100    081      2    057      2        0  
000 20260603 15 10099   10114    259      259     100    120      3    103      3        1  
000 20260603 16 10099   10115    259      259     100    146      3    126      2        0  
000 20260603 17 10096   10111    258      258     100    114      4    119      4        0  
000 20260603 18 10093   10108    252      252     100    360      1    075      2        0  
000 20260603 19 10090   10105    243      242     100    117      2    056      2        0  
000 20260603 20 10090   10105    244      243     100    120      2    119      2        0  
000 20260603 21 10094   10110    240      240     100    085      1    100      1        0  
000 20260603 22 10097   10113    235      234      99    052      1    360      1        0  
000 20260603 23 10102   10118    246      245     100    102      2    075      1        0  
000 20260604 00 10109   10124    265      257      95    129      2    174      1        0  
000 20260604 01 10115   10130    280      255      86    112      4    120      3        0  
000 20260604 02 10112   10127    299      253      77    130      7    119      7        0  
000 20260604 03 10106   10121    313      256      72    083      5    104      6        0  
000 20260604 04 10098   10113    310      261      75    279      5    306      5        0  
000 20260604 05 10088   10103    307      262      77    255      5    264      6        0  
000 20260604 06 10079   10093    310      264      77    244      3    270      4        0  
000 20260604 07 10072   10087    325      256      67    153      8    137      6        0  
000 20260604 08 10076   10091    322      249      66    137      7    145      8        0  
000 20260604 09 10083   10098    311      247      69    149      6    153      6        0  
000 20260604 10 10090   10105    290      243      76    155      4    156      5        0  
000 20260604 11 10097   10112    282      241      79    135      6    141      6        0  
000 20260604 12 10107   10122    274      237      81    107      4    119      4        0  
000 20260604 13 10112   10127    266      235      83    094      4    109      4        0  
000 20260604 14 10114   10129    258      240      90    072      2    066      3        0  
000 20260604 15 10115   10131    251      246      97    029      1    061      1        0  
000 20260604 16 10117   10132    241      240     100    193      1    198      1        0  
000 20260604 17 10112   10127    232      231     100    141      3    156      2        0  
000 20260604 18 10110   10125    232      231     100    319      1    152      2        0  
000 20260604 19 10109   10125    223      223      99    360      0    162      1        0  
000 20260604 20 10107   10123    217      216      99    143      3    126      2        0  
000 20260604 21 10109   10124    216      215      99    162      2    138      3        0  
000 20260604 22 10111   10127    220      219      99    111      3    127      3        0  
000 20260604 23 10120   10135    234      233      99    360      0    070      1        0  
000 20260605 00 10124   10139    274      244      84    103      3    106      2        0  
000 20260605 01 10128   10143    290      239      74    116      5    118      5        0  
000 20260605 02 10129   10143    305      233      66    122      5    116      6        0  
000 20260605 03 10124   10139    312      235      64    292      5    299      4        0  
000 20260605 04 10116   10131    309      238      66    287      7    283      5        0  
000 20260605 05 10108   10123    311      241      66    281      7    278      7        0  
000 20260605 06 10099   10114    312      240      66    265      7    275      7        0  
000 20260605 07 10095   10110    314      244      66    282      6    272      7        0  
000 20260605 08 10095   10110    316      245      66    280      5    280      5        0  
000 20260605 09 10096   10111    312      243      67    172      5    264      3        0  
000 20260605 10 10104   10119    287      233      73    144      4    153      4        0  
000 20260605 11 10111   10126    271      230      78    128      5    124      4        0  
000 20260605 12 10115   10130    264      235      84    104      3    121      4        0  
000 20260605 13 10120   10135    248      244      98    110      2    097      2        0  
000 20260605 14 10122   10137    249      244      97    103      3    097      2        0  
000 20260605 15 10121   10137    248      248      99    101      2    080      2        0  
000 20260605 16 10120   10135    250      249     100    092      3    078      2        0  
000 20260605 17 10112   10127    244      244     100    131      2    103      2        0  
000 20260605 18 10108   10123    241      240     100    360      1    124      2        0  
000 20260605 19 10104   10119    231      230     100    106      2    095      2        0  
000 20260605 20 10104   10119    225      224     100    130      1    135      2        0  
000 20260605 21 10110   10125    222      221     100    117      2    111      1        0  
000 20260605 22 10115   10130    227      227     100    128      3    101      2        0  
000 20260605 23 10119   10135    245      242      98    123      4    119      3        0  
000 20260606 00 10124   10139    269      249      89    100      4    119      5        0  
000 20260606 01 10127   10142    287      242      77    121      8    109      7        0  
000 20260606 02 10123   10138    299      239      71    096      9    103      8        0  
000 20260606 03 10117   10132    307      236      66    102      7    112      8        0  
000 20260606 04 10108   10123    314      237      64    119      6    110      8        0  
000 20260606 05 10100   10115    319      240      63    142      7    127      6        0  
000 20260606 06 10091   10106    318      239      63    126      7    133      6        0  
000 20260606 07 10086   10101    324      241      62    156      8    147      7        0  
000 20260606 08 10088   10103    316      242      65    159      7    149      7        0  
000 20260606 09 10095   10110    306      240      68    145      6    144      7        0  
000 20260606 10 10105   10120    285      237      75    134      5    141      5        0  
000 20260606 11 10112   10127    275      249      86    103      3    125      4        0  
000 20260606 12 10121   10136    259      256      98    038      1    053      1        0  
000 20260606 13 10122   10137    256      255     100    118      3    105      3        0  
000 20260606 14 10124   10139    256      256     100    217      1    109      2        0  
000 20260606 15 10122   10137    241      240     100    160      1    164      1        0  
000 20260606 16 10120   10135    241      241     100    066      2    121      2        0  
000 20260606 17 10116   10131    241      241     100    178      2    142      2        0  
000 20260606 18 10110   10125    247      247     100    090      2    127      3        0  
000 20260606 19 10110   10126    252      251      99    128      2    112      2        0  
000 20260606 20 10109   10124    253      248      97    133      4    126      3        0  
000 20260606 21 10112   10128    252      245      95    121      3    122      3        0  
000 20260606 22 10118   10134    248      246      99    141      3    132      3        0  
000 20260606 23 10126   10141    251      249      99    119      4    133      3        0  
000 20260607 00 10128   10143    264      247      91    099      4    108      4        0  
000 20260607 01 10128   10143    279      248      83    105      6    108      6        0  
000 20260607 02 10126   10141    292      250      78    113      8    112      7        0  
000 20260607 03 10119   10134    305      250      73    138      7    113      7        0  
000 20260607 04 10111   10126    303      248      73    135      7    138      7        0  
000 20260607 05 10104   10119    314      249      69    113      6    128      6        0  
000 20260607 06 10096   10111    317      246      66    159      6    139      6        0  
000 20260607 07 10092   10107    302      247      72    118      3    119      4        0  
000 20260607 08 10094   10109    294      247      76    153      3    146      3        0  
000 20260607 09 10097   10112    288      248      79    144      3    140      3        0  
000 20260607 10 10103   10119    281      252      84    111      2    134      2        0  
000 20260607 11 10110   10125   ////      261      97    153      1    ///    ///        0  
000 20260607 12 10112   10127    263      260      98    113      2    126      2        0  
000 20260607 13 10116   10131    261      258      99    101      2    106      2        0  
000 20260607 14 10115   10130    258      251      96    166      2    117      2        0  
000 20260607 15 10113   10128    246      245     100    170      3    174      2        0  
000 20260607 16 10110   10125    245      244     100    077      3    104      2        0  
000 20260607 17 10108   10123    242      241     100    142      2    123      3        0  
000 20260607 18 10104   10119    234      233     100    136      3    162      2        0  
000 20260607 19 10101   10116    230      230     100    170      3    149      3        0  
000 20260607 20 10103   10118    229      229     100    360      1    154      2        0  
000 20260607 21 10107   10123    235      235     100    087      2    086      3        0  
000 20260607 22 10113   10128    234      233     100    166      2    145      2        0  
000 20260607 23 10118   10133    238      237     100    207      1    181      2        0  
000 20260608 00 10122   10138    257      254      98    104      1    230      1        0  
000 20260608 01 10122   10137    282      264      90    308      3    031      3        0  
000 20260608 04 10101   10116   ////      260      80    134      6    ///    ///        0  
000 20260608 05 10090   10105    305      259      77    133      6    139      7        0  
000 20260608 06 10081   10096    312      253      71    172      8    132      7        0  
000 20260608 07 10079   10094    309      256      74    168      3    150      4        0  
000 20260608 08 10084   10099    291      262      85    276      4    335      4        0  
000 20260608 09 10091   10106    272      262      94    010      8    002      5        8  
000 20260608 10 10094   10109    253      253     100    071      3    021      3        2  
000 20260608 11 10096   10111    247      246     100    084      2    092      2        0  
000 20260608 12 10101   10117    245      245     100    005      2    043      1        0  
000 20260608 13 10105   10120    243      242      99    360      1    112      2        0  
000 20260608 14 10108   10123    239      238      99    161      1    360      1        0  
000 20260608 15 10107   10123    237      236      99    100      3    130      3        0  
000 20260608 16 10106   10121    234      233      99    169      3    132      3        0  
000 20260608 17 10101   10117    232      231      99    057      2    124      2        0  
000 20260608 18 10099   10114    229      228      99    092      2    080      2        0  
000 20260608 19 10096   10111    225      224      99    360      1    091      2        0  
000 20260608 20 10097   10113    220      219      99    135      2    128      2        0  
000 20260608 21 10099   10114    218      217      99    143      4    151      2        0  
000 20260608 22 10102   10117    220      219      99    126      1    135      3        0  
000 20260608 23 10106   10122    228      227      99    360      1    157      1        0  
000 20260609 00 10114   10129    271      252      90    360      1    360      1        0  
000 20260609 01 10114   10129    291      251      79    130      5    117      3        0  
000 20260609 02 10108   10123    296      252      77    154      4    138      4        0  
000 20260609 03 10104   10119    302      257      77    310      4    305      3        0  
000 20260609 04 10097   10112    305      259      77    302      5    310      5        0  
000 20260609 05 10091   10105    308      259      75    299      4    303      5        0  
000 20260609 06 10087   10102    298      260      80    234      6    256      6        0  
000 20260609 07 10081   10096    292      262      84    213      4    230      5        0  
000 20260609 08 10081   10096    305      261      77    263      5    246      4        0  
000 20260609 09 10085   10100    308      260      76    292      2    261      3        0  
000 20260609 10 10088   10103    294      262      83    113      2    048      2        0  
000 20260609 11 10095   10110    274      269      97    066      3    080      3        0  
000 20260609 12 10099   10114    263      263     100    113      2    091      3        0  
000 20260609 13 10106   10121    257      256      99    123      3    121      3        0  
000 20260609 14 10109   10124    251      250      99    201      3    168      2        0  
000 20260609 15 10108   10123    246      245      99    176      3    186      3        0  
000 20260609 16 10108   10124    246      245      99    158      2    170      3        0  
000 20260609 17 10105   10120    244      243      99    144      1    142      2        0  
000 20260609 18 10098   10113    248      247      99    139      1    142      3        0  
000 20260609 19 10098   10113    251      251      99    135      3    113      2        0  
000 20260609 20 10098   10114    253      252      99    132      2    135      2        0  
000 20260609 21 10104   10119    249      248      99    175      1    153      2        0  
000 20260609 22 10108   10124    244      243      99    133      2    142      2        0  
000 20260609 23 10114   10129    248      247      99    063      1    148      1        0  
000 20260610 00 10119   10134    285      262      88    068      4    066      2        0  
000 20260610 01 10120   10135    298      257      79    120      6    118      4        0  
000 20260610 02 10116   10131    308      257      74    103      6    115      6        0  
000 20260610 03 10114   10129    313      254      71    056      5    097      6        0  
000 20260610 04 10105   10120    321      253      68    083      4    073      4        0  
000 20260610 05 10098   10113    321      254      68    061      2    048      4        0  
000 20260610 06 10092   10107    313      268      77    248      6    283      4        0  
000 20260610 07 10086   10101    278      269      95    253      6    256      6      120  
000 20260610 08 10089   10104    280      279     100    204      4    221      5        0  
000 20260610 09 10096   10111    281      280      99    066      2    191      4        2  
000 20260610 10 10100   10115    250      250      99    142      3    348      5       70  
000 20260610 11 10109   10125    247      246      99    084      3    106      1        0  
000 20260610 12 10117   10132    250      249      99    091      1    080      2        0  
000 20260610 13 10119   10134    245      244      99    181      1    206      2        0  
000 20260610 14 10123   10139    242      241      99    197      1    166      1        0  
000 20260610 15 10121   10136    238      237      99    143      2    144      2        0  
000 20260610 16 10118   10133   ////     ////     ///    119      2    ///    ///        0  
000 20260610 17 10115   10130    238      237      99    073      3    078      4        0  
000 20260610 18 10112   10127    234      233      99    110      2    114      2        0  
000 20260610 19 10105   10121    232      231      99    081      3    069      2        0  
000 20260610 20 10105   10120    231      230      99    052      1    075      2        0  
000 20260610 21 10110   10125    228      227      99    165      2    116      2        0  
000 20260610 22 10110   10125    227      226      99    129      1    139      1        0  
000 20260610 23 10116   10132    235      234      99    106      3    112      2        0  
000 20260611 00 10124   10139    278      266      93    108      2    100      2        1  
000 20260611 01 10125   10140    296      263      82    184      2    128      2        0  
000 20260611 02 10123   10138    296      266      84    050      3    119      3        0  
000 20260611 03 10115   10130    304      266      81    093      2    129      3        0  
000 20260611 04 10108   10123    303      269      83    292      4    337      4        1  
000 20260611 05 10102   10117    297      271      86    323      4    310      4        0  
000 20260611 06 10102   10117    285      278      96    159      7    008      4       26  
000 20260611 07 10099   10114    260      259      99    122      3    110      6       40  
000 20260611 08 10100   10115    252      251      99    360      1    093      1        2  
000 20260611 09 10105   10120    258      257      99    126      3    153      2        1  
000 20260611 10 10114   10129    255      254      99    079      2    113      3        0  
000 20260611 11 10118   10134    251      250      99    127      2    130      2        0  
000 20260611 12 10124   10139    249      248      99    112      3    133      2        0  
000 20260611 13 10128   10143    245      244      99    087      2    112      2        0  
000 20260611 14 10130   10145    240      239      99    128      1    126      2        0  
000 20260611 15 10129   10144    236      235      99    360      1    360      1        0  
000 20260611 16 10126   10142    234      233      99    360      1    114      1        0  
000 20260611 17 10121   10136    232      231      99    360      1    131      1        0  
000 20260611 18 10115   10131    231      230      99    133      1    360      1        0  
000 20260611 19 10110   10125    230      229      99    096      1    360      1        0  
000 20260611 20 10114   10129    228      227      99    360      0    160      1        0  
000 20260611 21 10115   10131    227      226      99    038      3    098      2        0  
000 20260611 22 10122   10137    227      226      99    149      2    146      2        0  
000 20260611 23 10130   10145    237      236      99    136      4    127      3        0  
000 20260612 00 10135   10150    260      259      99    135      2    138      3        0  
000 20260612 01 10134   10149    287      270      91    130      3    150      3        0  
000 20260612 02 10132   10147    289      267      88    014      2    102      2        0  
000 20260612 03 10127   10142    295      263      83    253      3    295      3        0  
000 20260612 04 10123   10138    271      261      94    116      6    137      7       31  
000 20260612 05 10110   10125    270      268      99    156      3    142      3        5  
000 20260612 06 10102   10117    288      276      93    144      3    191      3        0  
000 20260612 07 10100   10115    287      276      94    321      4    340      4        0  
000 20260612 08 10103   10118    264      263      99    280      1    344      4       33  
000 20260612 09 10105   10120    258      257      99    153      1    256      3       10  
000 20260612 10 10111   10127    256      255      99    360      0    360      1        3  
000 20260612 11 10121   10136    253      253      99    360      0    360      0        0  
000 20260612 12 10128   10143    249      248      99    104      1    360      1        0  
000 20260612 13 10135   10150    248      247      99    058      3    088      2        1  
000 20260612 14 10134   10149    246      245      99    108      3    109      2        0  
000 20260612 15 10132   10147    245      244      99    105      4    105      2        0  
000 20260612 16 10126   10141    247      246      99    106      2    102      3        0  
000 20260612 17 10119   10134    243      242      99    127      2    113      2        0  
000 20260612 18 10115   10130    242      241      99    072      4    086      3        0  
000 20260612 19 10112   10127    243      242      99    280      1    169      2        9  
000 20260612 20 10113   10128    244      243      99    360      1    025      1        5  
000 20260612 21 10114   10129    243      242      99    031      1    360      1        9  
000 20260612 22 10117   10132    241      240      99    349      1    049      1        1  
000 20260612 23 10122   10138    242      241      99    360      1    060      1        0  
000 20260613 00 10129   10144    254      253      99    360      0    360      1        0  
000 20260613 01 10130   10145    280      273      96    111      2    058      1        0  
000 20260613 02 10127   10142    297      265      83    110      8    116      7        0  
000 20260613 03 10119   10134    308      262      77    150      8    122      8        0  
000 20260613 04 10112   10126    311      260      74    132      7    145      7        0  
000 20260613 05 10100   10115    311      258      74    092      9    116      8        0  
000 20260613 06 10091   10105    318      262      72    147      5    146      6        0  
000 20260613 07 10086   10101    326      253      66    150      6    133      7        0  
000 20260613 08 10084   10099    306      265      79    302      6    268      5        0  
000 20260613 09 10089   10104    297      271      86    282      5    290      6        0  
000 20260613 10 10097   10112    253      252      99    360      1    058      5       13  
000 20260613 11 10102   10117    246      245     100    124      7    136      3        0  
000 20260613 12 10109   10124    250      250     100    114      3    100      3        0  
000 20260613 13 10112   10127    252      251     100    049      2    077      2        0  
000 20260613 14 10118   10133    244      243     100    042      1    041      2        0  
000 20260613 15 10118   10133    242      241     100    016      1    355      1        0  
000 20260613 16 10116   10131    239      238      99    319      1    206      1        0  
000 20260613 17 10114   10129    241      240      99    360      1    097      2        0  
000 20260613 18 10107   10122    239      239      99    091      1    360      1        0  
000 20260613 19 10105   10120    236      235      99    360      1    360      1        0  
000 20260613 20 10102   10118    235      234      99    097      2    150      1        0  
000 20260613 21 10105   10121    236      236      99    103      2    107      2        0  
000 20260613 22 10105   10120    234      233      99    100      3    096      3        0  
000 20260613 23 10113   10128    245      244      99    114      3    113      3        0  
000 20260614 00 10120   10135    266      262      98    081      3    057      2        0  
000 20260614 01 10123   10138    287      254      82    135      5    114      4        0  
000 20260614 02 10121   10136    300      252      75    091      7    103      7        0  
000 20260614 03 10113   10127    308      250      71    119      5    101      6        0  
000 20260614 04 10102   10117    306      245      70    111      5    122      6        0  
000 20260614 05 10092   10107    315      248      68    086      6    101      5        0  
000 20260614 06 10083   10098    319      249      67    154      2    127      4        0  
000 20260614 07 10079   10094    309      257      74    281      4    282      5        0  
000 20260614 08 10079   10094    309      253      72    085      3    158      3        0  
000 20260614 09 10082   10097    287      249      80    053      3    062      2        0  
000 20260614 10 10087   10102    279      262      91    360      0    356      2        0  
000 20260614 11 10094   10109    264      264     100    120      2    119      1        0  
000 20260614 12 10099   10114    264      263     100    084      2    112      3        0  
000 20260614 13 10104   10119    260      259     100    135      2    101      3        0  
000 20260614 14 10107   10122    258      256      99    115      3    120      3        0  
000 20260614 15 10106   10121    248      248     100    124      4    125      5        0  
000 20260614 16 10104   10119    245      244     100    038      2    107      3        0  
000 20260614 17 10101   10116    242      241     100    145      4    129      3        0  
000 20260614 18 10095   10111    240      239     100    067      3    110      3        0  
000 20260614 19 10093   10109    239      238     100    108      3    113      2        0  
000 20260614 20 10092   10107    240      239     100    121      4    117      3        0  
000 20260614 21 10094   10110    242      242     100    108      3    120      3        0  
000 20260614 22 10101   10116    238      238     100    041      2    070      2        0  
000 20260614 23 10106   10122    238      237     100    360      1    065      2        0  
000 20260615 00 10115   10130    249      248     100    111      1    085      2        0  
000 20260615 01 10117   10132    260      251      95    101      3    112      3        0  
000 20260615 02 10115   10130    267      242      86    360      1    062      2        0  
000 20260615 03 10112   10127    275      243      83    ///    ///    003      2        3  
000 20260615 04 10106   10121    265      213      72    111      2    051      1        0  
000 20260615 05 10100   10115    273      225      75    035      4    077      4        0  
000 20260615 06 10092   10107    263      226      80    018      4    046      5        0  
000 20260615 07 10087   10102    270      224      76    029      4    044      3        0  
000 20260615 08 10088   10103    261      226      81    155      1    056      2        0  
000 20260615 09 10090   10105    261      231      84    360      1    125      2        0  
000 20260615 10 10096   10112    261      237      87    044      1    049      1        0  
000 20260615 11 10102   10118    256      234      87    128      2    073      2        0  
000 20260615 12 10109   10124    252      232      89    145      1    133      2        0  
000 20260615 13 10116   10131    245      229      90    127      3    141      2        0  
000 20260615 14 10115   10131    244      224      88    111      3    119      3        0  
000 20260615 15 10116   10132    246      223      87    089      3    076      3        0  
000 20260615 16 10116   10132    240      226      92    186      2    155      1        0  
000 20260615 17 10109   10125    236      226      94    130      3    159      2        0  
000 20260615 18 10101   10116    238      223      91    107      2    114      3        0  
000 20260615 19 10101   10116    234      220      92    160      1    069      1        0  
000 20260615 20 10100   10115    223      218      97    131      1    167      1        0  
000 20260615 21 10103   10119    222      216      96    151      2    128      2        0  
000 20260615 22 10108   10124    218      213      97    144      1    360      1        0  
000 20260615 23 10114   10129    228      217      94    134      1    138      2        0  
000 20260616 00 10119   10134    248      226      88    137      2    110      2        0  
000 20260616 01 10121   10136    278      220      71    165      2    118      2        0  
000 20260616 02 10120   10135    291      220      66    102      6    100      5        0  
000 20260616 03 10114   10129    292      225      67    290      3    292      4        0  
000 20260616 04 10106   10121    292      227      68    269      5    289      4        0  
000 20260616 05 10101   10116    295      230      68    285      6    279      6        0  
000 20260616 06 10096   10111    290      235      72    247      6    264      7        0  
000 20260616 07 10093   10108    274      236      80    209      2    176      4        2  
000 20260616 08 10091   10106    265      229      81    308      2    270      5        0  
000 20260616 09 10096   10111    254      235      90    047      3    047      3        0  
000 20260616 10 10104   10119    250      239      93    083      5    056      5        0  
000 20260616 11 10106   10122    242      233      94    046      2    056      3        1  
000 20260616 12 10112   10128    243      232      94    057      2    044      2        0  
000 20260616 13 10117   10133    242      231      93    097      2    067      2        0  
000 20260616 14 10119   10134    237      230      96    117      1    135      1        0  
000 20260616 15 10121   10136    235      227      95    090      3    096      3        0  
000 20260616 16 10118   10134    234      225      95    360      1    108      3        0  
000 20260616 17 10115   10131    228      224      97    360      1    360      1        0  
000 20260616 18 10110   10125    224      220      98    360      1    140      1        0  
000 20260616 19 10106   10121    223      216      96    071      3    109      3        0  
000 20260616 20 10109   10124    218      212      96    133      3    133      2        0  
000 20260616 21 10111   10126    218      210      95    110      4    122      2        0  
000 20260616 22 10113   10129    221      210      93    125      3    105      4        0  
000 20260616 23 10118   10134    222      212      94    113      3    126      3        0  
000 20260617 00 10123   10138    250      217      83    145      4    128      3        0  
000 20260617 01 10125   10140    285      215      66    038      3    087      3        0  
000 20260617 02 10126   10141    300      211      59    029      2    044      3        0  
000 20260617 03 10118   10133    306      217      59    334      5    336      4        0  
000 20260617 04 10112   10127    304      225      63    316      4    328      5        0  
000 20260617 05 10107   10122    291      225      68    311      4    301      4        1  
000 20260617 06 10095   10110    294      233      70    301      5    309      4        0  
000 20260617 07 10091   10106    302      233      67    260      6    271      6        0  
000 20260617 08 10090   10105    297      229      67    263      4    268      5        0  
000 20260617 09 10093   10108    289      225      68    246      2    256      3        0  
000 20260617 10 10097   10112    275      236      80    360      1    215      1        0  
000 20260617 11 10104   10120    252      240      93    360      0    124      1        0  
000 20260617 12 10112   10127    250      238      93    360      1    112      1        0  
000 20260617 13 10117   10132    252      235      90    115      4    114      3        0  
000 20260617 14 10117   10133    258      233      86    096      3    102      3        0  
000 20260617 15 10116   10131    254      234      89    086      3    095      3        0  
000 20260617 16 10113   10128    249      233      91    128      4    078      3        0  
000 20260617 17 10107   10122    244      230      92    065      3    103      3        0  
000 20260617 18 10101   10116    237      226      94    121      3    103      3        0  
000 20260617 19 10099   10114    231      224      96    360      1    360      1        0  
000 20260617 20 10099   10115    226      221      97    147      2    131      1        0  
000 20260617 21 10100   10115    224      218      96    156      1    132      1        0  
000 20260617 22 10104   10119    221      215      96    360      1    135      1        0  
000 20260617 23 10110   10125    233      218      91    174      1    360      1        0  
000 20260618 00 10117   10132    270      226      77    117      1    360      1        0  
000 20260618 01 10118   10133    284      226      71    276      3    286      2        0  
000 20260618 02 10117   10132    292      224      67    295      4    295      3        0  
000 20260618 03 10114   10129    282      228      73    295      3    287      5        0  
000 20260618 04 10107   10122    283      231      74    278      5    287      4        0  
000 20260618 05 10099   10114    298      235      69    248      6    260      5        0  
000 20260618 06 10093   10108    304      235      67    106      7    197      6        0  
000 20260618 07 10088   10103    308      231      64    151      3    123      4        0  
000 20260618 08 10085   10100    310      234      64    142      3    086      4        0  
000 20260618 09 10087   10102    308      230      63    123      2    129      3        0  
000 20260618 10 10091   10106    291      232      71    122      3    110      2        0  
000 20260618 11 10096   10111    266      236      83    148      3    147      2        0  
000 20260618 12 10100   10115    255      232      87    148      2    146      2        0  
000 20260618 13 10105   10120    249      229      89    046      1    077      1        0  
000 20260618 14 10106   10121    244      227      90    089      2    069      2        0  
000 20260618 15 10107   10122    237      226      93    360      0    118      1        0  
000 20260618 16 10104   10119    236      224      93    117      2    153      2        0  
000 20260618 17 10101   10116    233      222      93    130      1    079      1        0  
000 20260618 18 10100   10115    229      221      96    146      2    159      2        0  
000 20260618 19 10094   10109    229      221      95    096      2    098      1        0  
000 20260618 20 10095   10110    228      217      93    053      2    100      2        0  
000 20260618 21 10098   10114    223      212      94    134      2    129      2        0  
000 20260618 22 10099   10115    216      210      97    360      0    360      1        0  
000 20260618 23 10104   10120    226      212      92    360      1    360      1        0  
000 20260619 00 10109   10124    268      221      76    028      2    101      2        0  
000 20260619 01 10113   10128    287      215      65    265      4    295      3        0  
000 20260619 02 10113   10128    290      216      65    276      6    271      5        0  
000 20260619 03 10105   10120    296      223      65    279      6    281      5        0  
000 20260619 04 10100   10115    294      226      67    281      7    284      6        0  
000 20260619 05 10093   10108    295      235      70    257      7    263      7        0  
000 20260619 06 10087   10102    297      237      70    265      7    261      7        0  
000 20260619 07 10084   10099    301      235      68    242      5    255      6        0  
000 20260619 08 10084   10099    301      232      67    246      5    251      5        0  
000 20260619 09 10086   10101    293      232      70    239      4    250      4        0  
000 20260619 10 10091   10106    283      233      74    119      4    196      3        0  
000 20260619 11 10097   10113    260      222      80    089      4    114      4        0  
000 20260619 12 10103   10118    252      225      85    099      3    089      3        0  
000 20260619 13 10109   10124    249      227      88    091      3    085      4        0  
000 20260619 14 10111   10126    247      228      89    086      3    091      3        0  
000 20260619 15 10111   10127    239      227      93    360      1    098      1        0  
000 20260619 16 10112   10128    235      225      94    148      2    127      2        0  
000 20260619 17 10108   10123    233      222      94    120      4    128      3        0  
000 20260619 18 10107   10122    233      220      92    104      3    111      3        0  
000 20260619 19 10104   10120    227      216      94    098      2    084      2        0  
000 20260619 20 10104   10120    220      213      96    121      1    121      1        0  
000 20260619 21 10108   10124    215      210      97    360      0    360      0        0  
000 20260619 22 10112   10128    213      208      97    360      0    360      1        0  
000 20260619 23 10118   10133    223      210      92    148      3    136      2        0  
000 20260620 00 10123   10138    269      220      75    077      3    116      2        0  
000 20260620 01 10121   10136    290      219      66    010      2    028      2        0  
000 20260620 02 10118   10133    300      220      62    252      4    341      3        0  
000 20260620 03 10111   10126    306      217      59    117      5    109      5        0  
000 20260620 04 10100   10115    315      209      54    131      6    122      6        0  
000 20260620 05 10092   10106    321      210      52    130      4    121      5        0  
000 20260620 06 10082   10097    310      230      62    281      5    290      4        0  
000 20260620 07 10077   10092    316      233      62    278      5    285      5        0  
000 20260620 08 10079   10094    311      229      62    223      3    252      4        0  
000 20260620 09 10085   10099    308      226      62    130      4    156      4        0  
000 20260620 10 10093   10108    287      229      71    070      3    098      4        0  
000 20260620 11 10102   10118    270      236      82    137      3    107      3        0  
000 20260620 12 10110   10125    262      223      79    031      3    108      2        0  
000 20260620 13 10116   10131    255      225      83    038      4    044      2        0  
000 20260620 14 10119   10134    250      227      87    150      3    101      2        0  
000 20260620 15 10118   10134    240      228      93    142      2    161      1        0  
000 20260620 16 10116   10131    232      224      95    360      1    120      1        0  
000 20260620 17 10114   10130    227      220      96    360      1    360      1        0  
000 20260620 18 10107   10122    222      216      97    136      1    360      1        0  
000 20260620 19 10106   10122    218      212      96    176      1    157      1        0  
000 20260620 20 10105   10120    215      210      97    141      2    111      1        0  
000 20260620 21 10106   10121    214      207      96    123      1    141      1        0  
000 20260620 22 10110   10126    211      206      97    360      0    360      1        0  
000 20260620 23 10114   10129    221      208      93    147      1    360      1        0  
000 20260621 00 10118   10133    268      221      76    069      2    360      1        0  
000 20260621 01 10121   10136    288      220      67    041      3    047      2        0  
000 20260621 02 10116   10131    300      216      61    077      3    044      3        0  
000 20260621 03 10110   10125    297      221      64    256      5    240      4        0  
000 20260621 04 10102   10117    298      224      65    270      5    267      5        0  
000 20260621 05 10092   10107    298      224      65    267      4    269      5        0  
000 20260621 06 10084   10099    305      226      63    271      5    258      5        0  
000 20260621 07 10079   10094    310      229      62    263      6    267      6        0  
000 20260621 08 10081   10096    303      230      65    241      6    249      5        0  
000 20260621 09 10084   10099    293      232      70    225      6    231      6        0  
000 20260621 10 10089   10104    281      236      77    254      3    236      4        0  
000 20260621 11 10096   10111    279      243      81    065      4    299      3        0  
000 20260621 12 10103   10119    265      238      85    083      4    101      4        4  
000 20260621 13 10108   10123    258      231      85    015      2    058      3        0  
000 20260621 14 10110   10125    252      234      90    074      2    034      2        0  
000 20260621 15 10109   10124    248      234      92    360      1    168      1        0  
000 20260621 16 10105   10120    235      229      96    152      2    151      1        0  
000 20260621 17 10099   10114    230      223      96    360      1    127      2        0  
000 20260621 18 10099   10115    223      218      97    146      2    138      1        0  
000 20260621 19 10097   10113    224      213      93    067      3    110      3        0  
000 20260621 20 10098   10114    225      212      92    118      3    116      3        0  
000 20260621 21 10103   10118    225      213      93    138      3    125      3        0  
000 20260621 22 10109   10124    225      216      95    142      3    154      2        1  
000 20260621 23 10116   10131    233      221      93    138      3    146      2        0  
000 20260622 00 10117   10132    260      227      82    176      4    140      3        0  
000 20260622 01 10117   10132    278      228      75    096      5    142      3        0  
000 20260622 02 10114   10129    285      223      69    100      7    117      6        0  
000 20260622 03 10110   10125    290      222      67    087      6    103      7        0  
000 20260622 04 10103   10118    285      222      69    126      9    105      6        0  
000 20260622 05 10096   10111    278      222      71    118      6    122      6        0  
000 20260622 06 10085   10100    273      224      75    126      5    115      3        0  
000 20260622 07 10080   10095    284      226      71    353      2    004      3        0  
000 20260622 08 10080   10095    286      228      71    023      3    041      3        0  
000 20260622 09 10083   10098    279      231      75    156      4    142      3        0  
000 20260622 10 10095   10110    266      227      79    128      7    136      6        0  
000 20260622 11 10097   10112    254      215      79    067      5    091      6        0  
000 20260622 12 10103   10118    247      217      83    349      2    048      3        0  
000 20260622 13 10108   10123    243      219      87    047      4    028      3        0  
000 20260622 14 10109   10124    241      216      86    360      1    057      2        0  
000 20260622 15 10107   10122    239      217      88    138      3    107      2        0  
000 20260622 16 10105   10121    238      219      89    155      3    154      3        0  
000 20260622 17 10100   10115    237      221      91    175      2    156      2        0  
000 20260622 18 10096   10111    234      224      94    174      2    172      1        0  
000 20260622 19 10093   10108    233      222      94    148      2    163      3        0  
000 20260622 20 10095   10110    231      222      95    142      1    159      2        0  
000 20260622 21 10100   10116    232      223      95    360      1    360      1        0  
000 20260622 22 10104   10119    232      224      95    360      0    131      2        0  
000 20260622 23 10107   10122    234      223      94    360      1    360      1        0  
000 20260623 00 10114   10129    271      224      76    030      2    101      2        0  
000 20260623 01 10115   10130    289      220      66    079      3    051      3        0  
000 20260623 02 10115   10130    296      221      64    030      4    059      3        0  
000 20260623 03 10106   10121    296      221      64    280      4    325      4        0  
000 20260623 04 10097   10112    297      231      68    274      8    272      6        0  
000 20260623 05 10087   10102    298      230      67    277      6    281      6        0  
000 20260623 06 10079   10094    303      227      64    242      6    267      6        0  
000 20260623 07 10078   10092    301      234      68    258      6    247      6        0  
000 20260623 08 10076   10091    292      233      71    257      5    254      6        0  
000 20260623 09 10081   10096    284      235      75    224      5    245      5        0  
000 20260623 10 10087   10102    274      237      80    052      2    033      2        0  
000 20260623 11 10095   10110    258      240      90    096      2    081      2        0  
000 20260623 12 10105   10120    248      238      94    072      1    085      2        0  
000 20260623 13 10109   10124    244      236      95    360      1    076      2        0  
000 20260623 14 10110   10125    240      232      95    096      2    087      3        0  
000 20260623 15 10110   10125    236      226      94    100      2    096      2        0  
000 20260623 16 10107   10123   ////      221      94    069      2    ///    ///        0  
000 20260623 17 10105   10121    226      218      95    122      1    085      2        0  
000 20260623 18 10102   10117    223      216      96    115      1    124      1        0  
000 20260623 19 10100   10116    222      216      96    360      0    149      2        0  
000 20260623 20 10103   10118    226      217      95    122      2    129      2        0  
000 20260623 21 10104   10119    233      221      93    137      2    131      2        0  
000 20260623 22 10110   10126    231      222      94    127      3    120      2        0  
000 20260623 23 10113   10128    235      222      93    135      2    120      3        0  
000 20260624 00 10117   10132    254      229      86    141      4    146      3        0  
000 20260624 01 10117   10132    261      227      82    064      4    124      4        0  
000 20260624 02 10114   10129    273      222      73    080      3    064      4        0  
000 20260624 03 10103   10118    294      227      67    323      4    007      3        0  
000 20260624 04 10095   10110    305      221      61    068      4    046      4        0  
000 20260624 05 10087   10102    298      229      67    259      7    268      5        0  
000 20260624 06 10080   10095    289      231      71    256      5    265      5        0  
000 20260624 07 10077   10092    297      234      69    220      5    239      6        0  
000 20260624 08 10078   10093    271      242      84    219      4    213      5        1  
000 20260624 09 10084   10099    253      233      89    135      6    149      5        4  
000 20260624 10 10091   10106    243      223      89    111      4    129      4        0  
000 20260624 11 10096   10111    244      226      90    100      3    116      3        0  
000 20260624 12 10101   10116    242      230      93    152      3    127      2        0  
000 20260624 13 10106   10122    241      229      93    134      2    147      2        0  
000 20260624 14 10110   10125    240      231      95    122      2    146      2        0  
000 20260624 15 10110   10125    240      230      94    134      3    142      3        0  
000 20260624 16 10109   10124    234      227      96    178      2    141      2        0  
000 20260624 17 10102   10117    230      225      97    360      0    360      1        0  
000 20260624 18 10099   10114    225      221      98    163      2    131      2        0  
000 20260624 19 10097   10113    223      217      97    147      4    139      2        0  
000 20260624 20 10098   10113    217      213      97    134      1    133      2        0  
000 20260624 21 10100   10116    216      212      97    112      5    119      3        0  
000 20260624 22 10107   10122    219      211      95    360      1    116      3        0  
000 20260624 23 10113   10128    228      212      91    108      3    123      3        0  
000 20260625 00 10119   10134    269      225      77    126      2    092      2        0  
000 20260625 01 10114   10129    288      224      69    065      6    079      4        0  
000 20260625 02 10112   10127    304      223      62    085      5    070      6        0  
000 20260625 03 10105   10120    317      220      57    081      6    080      6        0  
000 20260625 04 10098   10113    308      224      61    245      4    144      4        0  
000 20260625 05 10091   10106    298      237      70    264      6    256      6        0  
000 20260625 06 10083   10098    304      239      68    284      6    275      6        0  
000 20260625 07 10078   10093    307      235      66    249      7    268      6        0  
000 20260625 08 10080   10095    290      242      75    237      4    245      4        0  
000 20260625 09 10084   10099    296      240      72    198      2    224      3        0  
000 20260625 10 10090   10105    278      231      76    010      3    052      4        0  
000 20260625 11 10095   10110    260      232      85    097      3    090      2        0  
000 20260625 12 10103   10118    253      228      86    099      2    092      2        0  
000 20260625 13 10107   10122    244      227      91    127      3    116      2        0  
000 20260625 14 10109   10124    239      226      92    133      2    115      2        0  
000 20260625 15 10111   10126    237      224      93    104      2    114      2        0  
000 20260625 16 10109   10124    229      222      96    150      2    360      1        0  
000 20260625 17 10103   10119    223      218      97    150      2    157      1        0  
000 20260625 18 10104   10120    221      216      97    138      1    140      2        0  
000 20260625 19 10104   10119    220      215      97    105      2    121      1        0  
000 20260625 20 10105   10120    219      213      96    145      2    126      1        0  
000 20260625 21 10108   10124    221      213      96    360      1    123      3        0  
000 20260625 22 10111   10126    215      211      97    128      3    144      2        0  
000 20260625 23 10114   10129    231      215      91    122      4    115      4        0  
000 20260626 00 10117   10132    269      226      78    040      2    093      2        0  
000 20260626 01 10118   10133    293      225      67    207      2    091      2        0  
000 20260626 02 10114   10129    299      229      66    272      5    196      3        0  
000 20260626 03 10110   10125    306      229      64    133      5    179      4        0  
000 20260626 04 10098   10113    315      225      59    079      6    094      5        0  
000 20260626 05 10090   10105    310      231      63    234      8    168      5        0  
000 20260626 06 10083   10098    295      246      75    258      6    249      7        0  
000 20260626 07 10076   10091    300      243      72    241      6    251      7        0  
000 20260626 08 10075   10090    303      245      71    224      6    229      7        0  
000 20260626 09 10078   10093    303      240      69    147      4    197      5        0  
000 20260626 10 10085   10100    286      225      70    112      4    135      3        0  
000 20260626 11 10094   10110    269      237      83    044      2    060      4        0  
000 20260626 12 10101   10116    254      240      92    151      2    115      2        0  
000 20260626 13 10105   10121    248      231      91    154      2    159      3        0  
000 20260626 14 10105   10121    237      228      94    360      1    138      2        0  
000 20260626 15 10104   10119    232      225      96    156      3    160      2        0  
000 20260626 16 10101   10116    233      222      93    121      3    134      2        0  
000 20260626 17 10095   10111    232      219      93    091      3    131      3        0  
000 20260626 18 10092   10107    230      219      93    122      5    112      3        0  
000 20260626 19 10089   10104    234      217      90    144      5    138      5        0  
000 20260626 20 10087   10102    239      216      87    101      4    117      5        0  
000 20260626 21 10090   10105    232      214      89    106      2    114      4        0  
000 20260626 22 10095   10110    231      213      90    113      3    112      3        0  
000 20260626 23 10100   10116    239      213      86    110      3    112      3        0  
000 20260627 00 10104   10119    261      220      78    078      2    083      2        0  
000 20260627 01 10105   10120    280      225      72    046      4    076      3        0  
000 20260627 02 10103   10118    295      222      65    079      2    068      3        0  
000 20260627 03 10095   10110    311      218      58    127      3    118      5        0  
000 20260627 04 10086   10101    317      225      58    291      5    068      4        0  
000 20260627 05 10081   10096    301      237      69    259      6    273      6        0  
000 20260627 06 10072   10087    309      240      67    264      7    267      6        0  
000 20260627 07 10066   10081    304      245      71    246      8    248      8        0  
000 20260627 08 10066   10081    306      245      70    234      6    240      7        0  
000 20260627 09 10072   10087    296      247      75    294      2    288      3       23  
000 20260627 10 10081   10096    270      245      86    047      5    065      6        1  
000 20260627 11 10087   10102    244      233      93    068      2    051      5        0  
000 20260627 12 10090   10105    241      234      96    094      2    086      2        0  
000 20260627 13 10095   10110    243      236      96    160      1    165      2        0  
000 20260627 14 10095   10110    242      233      95    068      3    104      2        0  
000 20260627 15 10093   10109    236      230      96    360      0    097      2        0  
000 20260627 16 10094   10109    230      227      98    152      1    157      1        0  
000 20260627 17 10088   10103    230      223      96    148      2    156      2        0  
000 20260627 18 10085   10101    229      221      95    360      1    136      3        0  
000 20260627 19 10085   10100    224      220      97    096      2    125      2        0  
000 20260627 20 10082   10097    226      219      96    121      5    108      3        0  
000 20260627 21 10081   10096    230      219      93    135      1    124      3        0  
000 20260627 22 10085   10100    225      218      96    011      3    043      2        0  
000 20260627 23 10090   10105    234      222      93    360      0    360      1        0  
000 20260628 00 10097   10112    258      229      84    166      2    169      1        0  
000 20260628 01 10099   10114    270      233      81    106      3    122      3        0  
000 20260628 02 10095   10110    284      232      73    116      6    104      5        0  
000 20260628 03 10090   10104    300      231      66    106      8    110      7        0  
000 20260628 04 10082   10097    307      226      62    128      7    114      7        0  
000 20260628 05 10075   10090    308      228      63    109      7    123      8        0  
000 20260628 06 10067   10081    310      225      61    133      5    139      7        0  
000 20260628 07 10064   10079    316      225      59    157      6    150      7        0  
000 20260628 08 10066   10080    306      223      62    125      7    149      5        0  
000 20260628 09 10071   10086    300      224      64    150      3    150      4        0  
000 20260628 10 10076   10091    282      224      71    141      3    145      3        0  
000 20260628 11 10080   10095    268      224      77    095      3    102      3        0  
000 20260628 12 10088   10103    263      227      81    214      2    171      2        0  
000 20260628 13 10091   10106    252      231      88    164      1    174      2        0  
000 20260628 14 10095   10110    240      230      94    360      0    360      1        0  
000 20260628 15 10094   10109    235      225      94    151      2    148      3        0  
000 20260628 16 10095   10111    233      224      95    360      1    171      2        0  
000 20260628 17 10090   10105    236      227      95    360      0    360      0        0  
000 20260628 18 10085   10100    228      221      96    124      3    159      2        0  
000 20260628 19 10086   10101    224      218      96    360      1    360      1        0  
000 20260628 20 10083   10099    218      213      97    179      2    150      2        0  
000 20260628 21 10086   10101    216      211      97    160      2    360      1        0  
000 20260628 22 10090   10105    217      209      95    149      2    148      3        0  
000 20260628 23 10093   10108    226      213      93    360      1    190      1        0  
000 20260629 00 10099   10114    268      221      76    360      1    360      1        0  
000 20260629 01 10102   10117    289      221      67    097      5    069      3        0  
000 20260629 02 10101   10116    299      216      61    110      5    108      6        0  
000 20260629 03 10097   10112    296      220      64    293      3    141      3        0  
000 20260629 04 10089   10104    296      229      67    285      6    286      5        0  
000 20260629 05 10083   10098    299      233      68    232      8    269      6        0  
000 20260629 06 10073   10088    296      239      72    232      8    233      8        0  
000 20260629 07 10066   10081    300      239      70    225      8    225      8        0  
000 20260629 08 10064   10079    301      233      67    230      7    223      8        0  
000 20260629 09 10066   10081    299      235      69    211      5    222      6        0  
000 20260629 10 10072   10087    290      234      72    132      3    175      3        0  
000 20260629 11 10077   10092    278      221      71    108      3    126      3        0  
000 20260629 12 10086   10101    262      226      80    111      2    136      1        0  
000 20260629 13 10089   10104    260      225      81    115      3    102      3        0  
000 20260629 14 10090   10105    251      223      84    080      4    085      3        0  
000 20260629 15 10090   10105    247      221      86    166      2    104      2        0  
000 20260629 16 10090   10106    243      218      86    360      1    098      2        0  
000 20260629 17 10085   10101    235      216      89    144      2    167      2        0  
000 20260629 18 10078   10093    249      211      79    139      3    130      3        0  
000 20260629 19 10078   10093    253      210      77    126      3    116      3        0  
000 20260629 20 10079   10094    251      209      78    102      3    104      2        0  
000 20260629 21 10081   10097    247      207      78    119      2    123      2        0  
000 20260629 22 10085   10100    247      206      78    116      3    099      3        0  
000 20260629 23 10091   10106    249      210      79    091      1    038      1        0  
000 20260630 00 10095   10110    270      212      71    113      4    097      3        0  
000 20260630 01 10097   10112    284      211      65    100      5    108      6        0  
000 20260630 02 10096   10111    297      212      60    118      7    113      6        0  
000 20260630 03 10091   10106    299      213      60    110      6    121      6        0  
000 20260630 04 10083   10098    304      214      59    132      4    120      5        0  
000 20260630 05 10078   10093    307      224      62    164      5    159      5        0  
000 20260630 06 10073   10088    307      223      61    168      4    164      5        0  
000 20260630 07 10069   10084    306      223      62    147      3    152      3        0  
000 20260630 08 10071   10086    294      245      75    298      6    299      7        0  
000 20260630 09 10073   10088    288      244      77    312      6    308      6        0  
000 20260630 10 10078   10093    277      241      80    319      4    314      4        0  
