Hourly Report for WAWP
STN YYYYMMDD GG QFE36   QFF36   TEMP36   DEWP36   RH36   WD36   WS36   WD36   WS36   RA36   
xxx                                                       10     10     60     60           
                hPa     hPa     degC     degC     %      deg    kt     deg    kt     mm     
000 20260501 00 10093   10108    263      252      94    059      3    071      1        1  
000 20260501 01 10096   10111    284      255      84    023      3    041      3        0  
000 20260501 02 10092   10107    301      260      79    311      4    001      3        0  
000 20260501 03 10083   10098    301      263      80    301      6    308      5        0  
000 20260501 04 10077   10091    305      268      81    308      7    302      6        0  
000 20260501 05 10067   10082    306      264      79    304      7    305      7        0  
000 20260501 06 10063   10078    295      262      82    305      5    306      6        0  
000 20260501 07 10060   10075    278      259      90    165      6    250      5        5  
000 20260501 08 10061   10076    252      251      99    106      3    129      4       10  
000 20260501 09 10062   10078    251      251     100    116      3    122      3        4  
000 20260501 10 10070   10085    250      248      99    162      4    144      3        5  
000 20260501 11 10079   10094    248      247     100    167      2    141      3       11  
000 20260501 12 10084   10099    248      247     100    091      3    127      2        1  
000 20260501 13 10088   10103    246      245      99    067      1    065      2        0  
000 20260501 14 10088   10103    245      245     100    014      1    028      1        0  
000 20260501 15 10086   10102    243      243     100    160      2    107      2        0  
000 20260501 16 10088   10103    242      241     100    163      3    165      3        0  
000 20260501 17 10078   10093    243      243     100    360      0    100      2        0  
000 20260501 18 10073   10088    243      243     100    131      2    123      1        0  
000 20260501 19 10072   10087    243      243     100    360      0    116      1        0  
000 20260501 20 10069   10084    245      244     100    084      2    103      1        0  
000 20260501 21 10075   10090    244      244     100    360      1    360      1        0  
000 20260501 22 10077   10093    244      243     100    090      1    072      2        0  
000 20260501 23 10080   10095    246      244      98    085      2    064      3        0  
000 20260502 00 10081   10097    259      248      94    072      5    075      4        0  
000 20260502 01 10081   10096    283      250      83    068      2    066      3        0  
000 20260502 02 10080   10095    308      245      70    171      4    140      4        0  
000 20260502 03 10070   10085    313      252      70    302      6    281      4        2  
000 20260502 04 10066   10081    310      258      74    296      3    294      4        0  
000 20260502 05 10058   10073    311      260      74    268      7    281      5        0  
000 20260502 06 10050   10065    311      262      75    247      8    253      7        0  
000 20260502 07 10044   10059    307      260      76    252      6    251      8        0  
000 20260502 08 10042   10057    295      264      84    236      3    249      5       75  
000 20260502 09 10048   10063    282      264      90    040      6    341      4        0  
000 20260502 10 10052   10067    263      257      96    050      5    039      4        1  
000 20260502 11 10058   10074    256      252      98    062      4    065      3        0  
000 20260502 12 10075   10090    257      252      97    159      2    072      2        0  
000 20260502 13 10077   10092    256      254      99    041      2    056      2        0  
000 20260502 14 10080   10095    255      255     100    360      1    126      2        0  
000 20260502 15 10078   10093    254      253     100    360      1    146      2        0  
000 20260502 16 10071   10086    254      254     100    360      1    064      1        0  
000 20260502 17 10069   10084    254      253     100    102      1    146      1        0  
000 20260502 18 10067   10082    252      252     100    360      1    360      1        0  
000 20260502 19 10064   10079    252      251      99    127      2    123      2        0  
000 20260502 20 10062   10078    251      247      97    113      4    114      3        0  
000 20260502 21 10065   10080    252      247      97    360      1    129      1        0  
000 20260502 22 10067   10082    250      248      99    123      3    114      2        0  
000 20260502 23 10077   10092    254      248      97    360      1    133      2        0  
000 20260503 00 10082   10097    285      249      82    280      1    176      1        0  
000 20260503 01 10088   10103    290      246      77    218      1    271      2        0  
000 20260503 02 10090   10105    299      249      75    290      3    275      3        0  
000 20260503 03 10080   10095    301      249      74    280      4    294      4        0  
000 20260503 04 10073   10088    309      253      72    273      5    278      5        0  
000 20260503 05 10066   10081    310      256      73    274      8    276      6        0  
000 20260503 06 10065   10080    288      258      84    132      7    257      7       39  
000 20260503 07 10058   10074    245      243      99    360      4    004      6       62  
000 20260503 08 10058   10073    250      248      99    030      1    034      2        0  
000 20260503 09 10060   10075    251      250     100    063      1    037      2        0  
000 20260503 10 10071   10086    252      251     100    360      1    360      1        0  
000 20260503 11 10078   10094    250      249     100    360      0    128      1        0  
000 20260503 12 10083   10098    248      248     100    046      2    116      2        0  
000 20260503 13 10092   10107    247      246     100    132      3    152      2        0  
000 20260503 14 10095   10111    247      247     100    069      2    065      2        0  
000 20260503 15 10096   10112    247      247     100    136      1    145      1        0  
000 20260503 16 10090   10105    247      246     100    097      1    103      1        0  
000 20260503 17 10086   10101    247      246     100    360      1    360      1        0  
000 20260503 18 10082   10097    247      246     100    360      1    141      2        0  
000 20260503 19 10077   10093    245      245     100    060      1    360      1        0  
000 20260503 20 10078   10093    241      240     100    093      1    360      1        0  
000 20260503 21 10077   10092    237      237     100    360      1    118      2        0  
000 20260503 22 10081   10096    235      235     100    154      2    137      1        0  
000 20260503 23 10087   10102    248      245      98    144      2    143      2        0  
000 20260504 00 10090   10105    280      250      84    120      3    125      2        0  
000 20260504 01 10092   10107    295      252      77    329      3    055      2        0  
000 20260504 02 10090   10105    302      251      74    317      4    326      4        0  
000 20260504 03 10087   10102    303      255      76    278      6    295      6        0  
000 20260504 04 10079   10094    300      258      78    267      4    288      5        0  
000 20260504 05 10071   10086    293      258      82    206      2    269      3        0  
000 20260504 06 10067   10082    286      257      84    200      5    191      5        0  
000 20260504 07 10062   10077    260      254      96    172      5    136      4       36  
000 20260504 08 10061   10076    257      255      99    114      3    138      3        0  
000 20260504 09 10068   10083    262      262     100    090      2    119      2        0  
000 20260504 10 10071   10086    262      262     100    076      2    094      2        0  
000 20260504 11 10082   10097    257      257     100    139      3    086      2        0  
000 20260504 12 10086   10101    253      253     100    103      4    103      3        0  
000 20260504 13 10088   10103    251      251     100    088      3    091      3        0  
000 20260504 14 10087   10103    250      249     100    075      3    074      2        0  
000 20260504 15 10088   10103    248      248     100    360      1    094      1        0  
000 20260504 16 10083   10098    245      244     100    134      3    129      2        0  
000 20260504 17 10079   10095    241      241     100    124      2    126      2        0  
000 20260504 18 10075   10090    238      237     100    170      1    153      1        0  
000 20260504 19 10073   10088    236      235     100    151      1    360      1        0  
000 20260504 20 10071   10086    237      237     100    123      3    132      2        0  
000 20260504 21 10071   10086    236      236     100    087      2    087      2        0  
000 20260504 22 10077   10092    232      232     100    131      1    136      1        0  
000 20260504 23 10081   10096    242      240      99    167      2    163      1        0  
000 20260505 00 10087   10102    274      251      87    169      2    181      3        0  
000 20260505 01 10092   10107    284      253      83    260      3    251      4        0  
000 20260505 02 10088   10102    291      252      80    307      4    288      3        0  
000 20260505 03 10082   10097    297      254      77    025      3    322      3        0  
000 20260505 04 10071   10086    315      252      70    088      6    092      4        0  
000 20260505 05 10063   10078    319      242      64    145      5    145      5        0  
000 20260505 06 10056   10071    318      245      66    304      6    255      5        0  
000 20260505 07 10049   10064    311      251      71    303      5    294      6        0  
000 20260505 08 10060   10075    274      249      88    248      5    319      7       46  
000 20260505 09 10065   10080    250      250     100    088      3    132      3        4  
000 20260505 10 10070   10085    248      247     100    080      4    081      4        0  
000 20260505 11 10075   10090    248      247     100    090      3    091      3        0  
000 20260505 12 10081   10096    246      246     100    085      3    088      4        0  
000 20260505 13 10084   10100    248      247     100    113      2    079      2        0  
000 20260505 14 10084   10099    247      246     100    086      3    091      2        0  
000 20260505 15 10085   10100    246      246     100    137      4    104      4        0  
000 20260505 16 10080   10095    249      247      99    124      2    141      3        0  
000 20260505 17 10077   10092    248      245      98    124      4    137      3        0  
000 20260505 18 10073   10088    247      244      98    109      3    116      3        0  
000 20260505 19 10070   10085    245      243      99    360      1    049      2        0  
000 20260505 20 10068   10083    244      243     100    062      3    095      1        0  
000 20260505 21 10070   10085    242      241      99    040      9    059      5        6  
000 20260505 22 10078   10093    238      237      99    243      2    166      2        8  
000 20260505 23 10083   10099    238      238     100    079      2    138      2        1  
000 20260506 00 10090   10105    245      244     100    058      2    068      2        0  
000 20260506 01 10092   10107    254      247      96    021      3    024      2        3  
000 20260506 02 10087   10102    272      248      87    187      1    067      1        0  
000 20260506 03 10079   10094    288      252      81    315      2    292      3        1  
000 20260506 04 10073   10088    304      251      74    136      4    138      4        0  
000 20260506 05 10065   10080    310      247      69    135      5    191      5        0  
000 20260506 06 10070   10085    274      245      85    120     10    134     10        2  
000 20260506 07 10060   10075    248      245      98    135      3    151      3       35  
000 20260506 08 10061   10076    250      244      96    114      2    108      2        9  
000 20260506 09 10063   10078    252      246      96    360      1    089      1        1  
000 20260506 10 10066   10081    254      247      96    079      1    040      1        0  
000 20260506 11 10075   10090    247      247     100    178      3    163      1        0  
000 20260506 12 10078   10094    242      242     100    141      1    155      2        0  
000 20260506 13 10082   10098    240      240     100    174      1    140      1        0  
000 20260506 14 10082   10097    237      236     100    104      3    123      2        0  
000 20260506 15 10082   10097    235      235     100    117      5    113      3        0  
000 20260506 16 10075   10090    246      241      97    048      1    074      2        0  
000 20260506 17 10072   10087    244      243      99    140      2    118      2        0  
000 20260506 18 10069   10084    243      242     100    121      3    098      2        0  
000 20260506 19 10070   10085    244      242      98    168      4    146      3        0  
000 20260506 20 10068   10083    242      241     100    127      2    141      3        0  
000 20260506 21 10069   10084    241      240     100    145      4    149      3        0  
000 20260506 22 10073   10088    240      240     100    209      1    151      2        0  
000 20260506 23 10080   10095    244      243     100    181      2    163      1        0  
000 20260507 00 10081   10096    276      249      86    089      1    154      3        0  
000 20260507 01 10083   10098    302      245      72    161      3    145      3        0  
000 20260507 02 10081   10096    298      247      74    256      6    220      4        0  
000 20260507 03 10075   10090    292      248      77    208      5    245      6        0  
000 20260507 04 10064   10079    297      250      76    197      4    195      6        0  
000 20260507 05 10056   10071    301      251      75    221      3    206      4        2  
000 20260507 06 10051   10066    291      255      81    152      6    158      6        1  
000 20260507 07 10047   10062    296      255      79    144      6    144      5        0  
000 20260507 08 10045   10060    296      256      79    022      8    085      5        0  
000 20260507 09 10051   10066    286      257      84    034      5    025      6        0  
000 20260507 10 10057   10072    272      256      91    103      3    088      3        1  
000 20260507 11 10062   10077    262      250      93    138      1    128      2        0  
000 20260507 12 10071   10086    259      251      95    021      1    192      1        0  
000 20260507 13 10076   10091    255      253      99    201      2    062      1        0  
000 20260507 14 10079   10094    254      252      99    129      4    163      3        2  
000 20260507 15 10079   10094    248      246      99    114      2    088      3       34  
000 20260507 16 10076   10091    243      243     100    139      4    129      4       23  
000 20260507 17 10067   10082    243      243     100    021      4    060      4        9  
000 20260507 18 10065   10080    243      242     100    030      4    021      4        4  
000 20260507 19 10068   10083    238      237     100    023      5    037      5        6  
000 20260507 20 10070   10085    237      236     100    029      3    025      3        3  
000 20260507 21 10076   10091    237      236     100    028      3    027      4        3  
000 20260507 22 10081   10097    235      235     100    106      2    060      3        2  
000 20260507 23 10087   10103    237      236     100    215      3    141      2        2  
000 20260508 00 10087   10102    240      240     100    213      2    227      2        2  
000 20260508 01 10090   10106    248      247     100    360      1    360      1        3  
000 20260508 02 10084   10100    262      256      97    013      3    029      2        1  
000 20260508 03 10077   10092    279      257      88    030      4    024      4        1  
000 20260508 04 10068   10083    283      257      86    111      5    048      5        0  
000 20260508 05 10058   10073    297      249      75    092      5    101      7        0  
000 20260508 06 10054   10069    307      247      70    103      7    104      7        0  
000 20260508 07 10051   10066    312      247      69    110      4    102      6        0  
000 20260508 08 10058   10073    285      245      79    080      3    110      6        0  
000 20260508 09 10058   10073    277      243      81    108      4    095      3        0  
000 20260508 10 10062   10077    272      238      82    059      3    079      3        0  
000 20260508 11 10072   10087    263      237      85    083      3    072      3        0  
000 20260508 12 10077   10092    261      235      86    052      2    088      2        0  
000 20260508 13 10077   10093    250      238      93    067      2    070      2        0  
000 20260508 14 10076   10091    246      238      95    204      1    126      2        0  
000 20260508 15 10075   10090    242      240      98    034      2    169      1        0  
000 20260508 16 10076   10092    242      240      99    168      1    360      1        0  
000 20260508 17 10072   10087    239      239     100    150      2    157      1        0  
000 20260508 18 10066   10081    237      236     100    130      3    144      2        1  
000 20260508 19 10062   10078    235      235     100    070      2    093      1        0  
000 20260508 20 10062   10077    241      237      98    038      3    054      3        0  
000 20260508 21 10062   10078    246      238      95    360      1    052      2        0  
000 20260508 22 10072   10087    241      240      99    127      1    360      1        0  
000 20260508 23 10078   10093    243      242      99    165      2    159      2        0  
000 20260509 00 10083   10098    259      246      92    360      1    135      1        0  
000 20260509 01 10083   10098    278      245      82    264      2    269      2        0  
000 20260509 02 10083   10098    291      247      77    282      4    269      2        0  
000 20260509 03 10075   10090    292      249      78    302      3    286      4        0  
000 20260509 04 10062   10077    288      253      82    274      4    272      4        7  
000 20260509 05 10058   10073    280      256      87    225      4    212      3        6  
000 20260509 06 10050   10065    285      260      87    231      6    227      5        0  
000 20260509 07 10044   10059    296      261      81    206      5    231      5        0  
000 20260509 08 10054   10069    290      262      85    130      8    163      5        0  
000 20260509 09 10064   10079    251      250      99    035      3    117      5       36  
000 20260509 10 10068   10083    247      247     100    143      2    130      2        9  
000 20260509 11 10077   10093    247      247     100    082      2    174      1        8  
000 20260509 12 10082   10097    242      242     100    074      2    070      2        5  
000 20260509 13 10084   10099    241      241     100    049      3    050      3        5  
000 20260509 14 10083   10098    243      243     100    034      4    018      2        3  
000 20260509 15 10079   10094    246      245     100    052      4    053      3        3  
000 20260509 16 10079   10095    248      248     100    095      3    082      3        2  
000 20260509 17 10074   10089    248      247     100    360      1    080      2        0  
000 20260509 18 10068   10083    247      247     100    360      1    103      1        0  
000 20260509 19 10067   10082    246      246     100    360      1    125      2        0  
000 20260509 20 10069   10084    245      245     100    360      1    125      1        0  
000 20260509 21 10073   10088    245      244     100    162      1    145      1        0  
000 20260509 22 10077   10093    245      244     100    360      1    117      1        0  
000 20260509 23 10086   10101    246      245     100    097      3    075      3        1  
000 20260510 00 10094   10109    256      252      98    033      2    097      2        0  
000 20260510 01 10096   10111    261      253      95    033      6    028      5        0  
000 20260510 02 10096   10111    266      248      90    029      6    032      6        0  
000 20260510 03 10085   10100    273      249      87    157      3    066      4        0  
000 20260510 04 10076   10091    282      255      85    141      6    167      6        0  
000 20260510 05 10066   10081    290      251      80    141      6    150      5        0  
000 20260510 06 10059   10074    296      248      76    137      5    132      4        0  
000 20260510 07 10058   10073    293      251      78    134      5    147      5        0  
000 20260510 08 10063   10078    295      252      77    154      4    160      5        0  
000 20260510 09 10071   10086    284      251      83    164      2    159      3        0  
000 20260510 10 10074   10089    273      255      90    119      2    167      2        0  
000 20260510 11 10086   10101    261      250      94    160      2    158      2        0  
000 20260510 12 10093   10108    257      249      95    013      2    101      2        0  
000 20260510 13 10097   10112    253      248      97    068      1    053      1        0  
000 20260510 14 10096   10111    249      248      99    360      1    108      2        0  
000 20260510 15 10099   10114    249      249     100    360      0    166      1        0  
000 20260510 16 10089   10104    248      248     100    070      2    090      1        0  
000 20260510 17 10087   10103    247      247     100    105      3    096      2        1  
000 20260510 18 10085   10100    248      245      98    132      4    132      4        7  
000 20260510 19 10076   10092    242      241      99    056      1    126      2       12  
000 20260510 20 10073   10088    240      239     100    077      2    085      2        9  
000 20260510 21 10073   10089    239      238     100    101      3    133      3        0  
000 20260510 22 10082   10097    240      239     100    360      0    114      1        0  
000 20260510 23 10086   10101    241      241     100    159      3    174      2        0  
000 20260511 00 10092   10107    250      249      99    360      1    131      2        0  
000 20260511 01 10095   10110    267      255      94    360      1    204      1        0  
000 20260511 02 10091   10105    291      261      84    313      3    180      2        0  
000 20260511 03 10084   10099    300      261      80    256      5    276      4        0  
000 20260511 04 10073   10088    299      261      80    269      5    270      6        0  
000 20260511 05 10062   10077    305      260      77    281      6    283      6        0  
000 20260511 06 10054   10069    297      258      79    275      5    269      5        0  
000 20260511 07 10050   10065    295      265      84    251      6    254      5        5  
000 20260511 08 10053   10068    295      265      84    275      5    260      5        0  
000 20260511 09 10059   10074    278      264      92    028      5    321      5       13  
000 20260511 10 10065   10080    263      262     100    041      6    059      4        4  
000 20260511 11 10073   10088    263      263     100    064      3    061      3        0  
000 20260511 12 10081   10096    261      260     100    052      2    054      3        4  
000 20260511 13 10087   10102    256      256     100    218      1    103      2        0  
000 20260511 14 10084   10099    252      251     100    360      1    156      2        0  
000 20260511 15 10083   10098    248      248     100    116      1    124      2        0  
000 20260511 16 10079   10095    246      245     100    360      1    134      1        0  
000 20260511 17 10076   10092    244      244     100    138      1    129      1        0  
000 20260511 18 10072   10087    247      246     100    169      2    138      1        1  
000 20260511 19 10071   10086    250      249     100    137      2    136      3        1  
000 20260511 20 10066   10081    249      249     100    089      3    110      2        1  
000 20260511 21 10068   10083    245      244     100    072      3    070      2        0  
000 20260511 22 10070   10085    242      241     100    360      0    120      1        0  
000 20260511 23 10079   10094    244      244     100    360      1    125      2        0  
000 20260512 00 10085   10100    255      252      99    360      1    180      1        2  
000 20260512 01 10083   10098    281      259      88    223      3    214      3        0  
000 20260512 02 10079   10094    283      259      87    229      1    234      3        8  
000 20260512 03 10070   10085    289      258      84    276      5    289      3        0  
000 20260512 04 10059   10074    282      262      89    277      4    278      4       18  
000 20260512 05 10052   10067    283      264      89    265      4    278      3        7  
000 20260512 06 10044   10059    295      263      83    231      6    238      6        1  
000 20260512 07 10048   10063    276      265      93    237      5    223      6       15  
000 20260512 08 10050   10065    261      260     100    207      2    210      4        8  
000 20260512 09 10054   10069    261      261     100    027      2    059      2        0  
000 20260512 10 10058   10073    260      259     100    081      2    068      2        0  
000 20260512 11 10066   10081    256      256     100    110      3    100      3        0  
000 20260512 12 10071   10086    256      256     100    091      2    089      1        3  
000 20260512 13 10075   10090    252      252     100    116      1    098      2        0  
000 20260512 14 10076   10091    249      248     100    360      1    360      1        0  
000 20260512 15 10074   10089    247      246     100    091      4    096      2        1  
000 20260512 16 10069   10084    245      244     100    165      2    137      1        0  
000 20260512 17 10061   10076    242      241     100    178      1    360      1        0  
000 20260512 18 10060   10075    239      239     100    178      2    138      2        0  
000 20260512 19 10053   10068    238      238     100    360      1    360      1        0  
000 20260512 20 10050   10065    239      238     100    360      1    134      2        0  
000 20260512 21 10058   10073    238      237     100    138      2    149      1        0  
000 20260512 22 10063   10078    237      237     100    130      2    128      2        0  
000 20260512 23 10067   10082    245      245     100    147      2    149      2        0  
000 20260513 00 10071   10086    278      261      91    176      3    162      3        0  
000 20260513 01 10071   10086    300      262      80    080      3    125      3        0  
000 20260513 02 10070   10085    307      261      77    147      2    102      3        0  
000 20260513 03 10062   10077    311      264      76    311      5    326      5        0  
000 20260513 04 10055   10070    306      267      79    303      7    306      6        0  
000 20260513 05 10044   10059    305      270      82    278      7    298      6        0  
000 20260513 06 10038   10052    308      272      81    263      6    277      6        5  
000 20260513 07 10037   10052    291      269      88    242      4    264      5        2  
000 20260513 08 10044   10059    272      266      97    131      6    186      7       18  
000 20260513 10 10054   10069    250      249     100    059      2    094      3       14  
000 20260513 11 10061   10076    251      251     100    103      3    090      2        1  
000 20260513 12 10066   10081    253      252     100    132      2    070      3        1  
000 20260513 13 10068   10084    251      250     100    145      3    143      3        1  
000 20260513 14 10066   10081    249      249     100    126      3    119      2        0  
000 20260513 15 10061   10077    251      250     100    088      2    130      2        0  
000 20260513 16 10061   10076    249      248     100    155      4    166      3        0  
000 20260513 17 10057   10072    249      248     100    129      3    143      3        0  
000 20260513 18 10051   10066    247      247     100    149      3    148      3        0  
000 20260513 19 10046   10061    244      244     100    158      2    162      2        0  
000 20260513 20 10050   10065    244      244     100    054      2    126      3        0  
000 20260513 21 10050   10065    245      245     100    169      2    095      2        0  
000 20260513 22 10058   10073    243      242     100    360      0    141      1        0  
000 20260513 23 10061   10076    244      243     100    186      2    125      2        1  
000 20260514 00 10068   10083    251      250     100    114      3    105      2        0  
000 20260514 01 10070   10084    286      264      89    144      1    123      1        0  
000 20260514 02 10067   10082    299      265      82    256      5    267      5        0  
000 20260514 03 10060   10075    300      264      81    280      5    266      5        0  
000 20260514 04 10049   10064    297      264      83    284      4    283      4        0  
000 20260514 05 10042   10057    305      269      81    298      5    291      5        0  
000 20260514 06 10034   10049    306      273      83    294      6    291      6        0  
000 20260514 07 10029   10044    309      275      82    289      7    291      6        0  
000 20260514 08 10034   10049    308      274      82    275      4    283      6        2  
000 20260514 09 10036   10051    292      274      90    211      5    241      4        6  
000 20260514 10 10048   10063    285      271      92    116      5    173      4        8  
000 20260514 11 10058   10073    264      263     100    074      5    086      5       21  
000 20260514 12 10065   10080    258      258     100    076      4    080      4        2  
000 20260514 13 10065   10081    256      255     100    085      3    080      3        0  
000 20260514 14 10068   10083    255      255     100    074      1    087      2        0  
000 20260514 15 10065   10080    255      255     100    109      2    100      2        0  
000 20260514 16 10064   10079    255      254     100    142      3    154      2        0  
000 20260514 17 10057   10072    253      253     100    360      1    193      1        0  
000 20260514 18 10052   10067    249      249     100    360      1    114      2        0  
000 20260514 19 10052   10067    246      246     100    360      0    148      2        1  
000 20260514 20 10049   10064    246      245     100    116      5    117      3        0  
000 20260514 21 10051   10066    247      246     100    107      4    104      3        0  
000 20260514 22 10060   10075    247      246     100    027      1    071      3        0  
000 20260514 23 10067   10082    258      256      99    016      2    073      2        0  
000 20260515 00 10074   10089    282      266      91    033      3    026      4        0  
000 20260515 01 10074   10089    296      272      87    029      4    360      3        0  
000 20260515 02 10069   10084    307      268      80    330      5    339      5        0  
000 20260515 03 10065   10080    304      271      83    299      5    312      5        0  
000 20260515 04 10056   10070    305      273      83    303      6    304      6        0  
000 20260515 05 10046   10061    298      271      86    288      6    288      6        0  
000 20260515 06 10040   10055    303      274      85    291      6    290      6        0  
000 20260515 07 10039   10053    300      273      86    272      5    282      6        0  
000 20260515 08 10044   10059    292      270      88    256      4    264      5        0  
000 20260515 09 10055   10070    276      262      92    165     12    206      7       23  
000 20260515 10 10056   10071    246      245     100    083      3    134      5       40  
000 20260515 11 10058   10073    245      245     100    341      2    052      3        1  
000 20260515 12 10063   10079    246      245     100    083      2    115      2        0  
000 20260515 13 10068   10083    248      247     100    114      2    097      1        0  
000 20260515 14 10068   10083    246      246     100    109      3    103      3        0  
000 20260515 15 10071   10086    245      245     100    219      1    147      2        0  
000 20260515 16 10069   10084    244      244     100    149      2    163      1        1  
000 20260515 17 10063   10079    241      241     100    137      1    129      1        0  
000 20260515 18 10061   10076    240      239     100    059      1    360      1        0  
000 20260515 19 10055   10071    243      242     100    100      3    110      2        0  
000 20260515 20 10054   10069    245      244     100    360      1    102      2        0  
000 20260515 21 10060   10075    243      242     100    360      1    104      1        0  
000 20260515 22 10068   10084    242      242     100    302      3    189      1        0  
000 20260515 23 10074   10089    261      259      99    243      2    264      7        7  
000 20260516 00 10082   10097    270      267      98    318      3    360      2        0  
000 20260516 01 10082   10097    281      266      92    023      4    007      4        1  
000 20260516 02 10076   10091    289      265      87    105      2    038      3        0  
000 20260516 03 10068   10083    304      266      80    314      5    321      4        0  
000 20260516 04 10058   10073    297      261      81    297      4    305      4        0  
000 20260516 05 10046   10061    300      261      80    288      5    285      5        0  
000 20260516 06 10039   10054    302      263      80    259      6    270      5        0  
000 20260516 07 10035   10050    299      265      82    279      5    274      6        0  
000 20260516 08 10035   10050    301      264      81    254      6    269      5        0  
000 20260516 09 10038   10053    299      262      81    252      3    263      4        0  
000 20260516 10 10045   10060    286      264      88    141      1    227      2        0  
000 20260516 11 10053   10068    267      266      99    174      2    140      2        0  
000 20260516 12 10060   10075    262      261     100    175      1    137      2        0  
000 20260516 13 10067   10082    259      259     100    360      1    125      2        0  
000 20260516 14 10072   10087    258      257     100    360      0    098      1        0  
000 20260516 15 10069   10084    257      257     100    132      2    124      1        0  
000 20260516 16 10068   10083    258      257     100    095      3    113      3        0  
000 20260516 17 10060   10075    258      258     100    133      2    129      2        0  
000 20260516 18 10057   10072    256      255     100    140      1    131      2        0  
000 20260516 19 10055   10070    255      254     100    128      2    126      1        0  
000 20260516 20 10058   10073    256      255     100    354      9    053      3        0  
000 20260516 21 10059   10074    254      253     100    041      5    003      7       23  
000 20260516 22 10065   10080    247      247     100    051      5    045      4        1  
000 20260516 23 10070   10085    250      250     100    066      3    058      4        0  
000 20260517 00 10076   10091    264      261      98    045      3    046      3        1  
000 20260517 01 10078   10093    276      264      93    029      4    045      4        0  
000 20260517 02 10076   10091    292      264      85    005      4    028      4        0  
000 20260517 03 10067   10082    301      263      80    309      4    317      4        0  
000 20260517 04 10064   10079    302      263      80    292      5    298      4        0  
000 20260517 05 10056   10071    301      268      82    289      6    287      5        0  
000 20260517 06 10048   10063    300      270      84    295      5    299      6        0  
000 20260517 07 10045   10060    297      271      86    273      5    277      6        0  
000 20260517 08 10042   10057    298      268      84    275      5    278      5        0  
000 20260517 09 10048   10063    297      266      83    280      3    278      3        0  
000 20260517 10 10056   10071    284      267      90    360      0    271      2        0  
000 20260517 11 10062   10077    273      271      99    360      1    360      1        0  
000 20260517 12 10066   10081    266      266     100    360      1    360      1        0  
000 20260517 13 10073   10088    262      262     100    127      3    141      1        0  
000 20260517 14 10075   10090    262      261     100    136      3    125      4        0  
000 20260517 15 10075   10090    262      262     100    137      3    135      3        0  
000 20260517 16 10073   10088    263      262     100    360      1    154      2        2  
000 20260517 17 10071   10086    260      259     100    067      3    094      3        2  
000 20260517 18 10063   10078    253      252     100    116      3    089      3        6  
000 20260517 19 10058   10073    250      249     100    086      2    103      3        0  
000 20260517 20 10059   10074    249      248     100    360      1    115      2        0  
000 20260517 21 10060   10075    247      246     100    093      3    109      1        0  
000 20260517 22 10064   10079    244      244     100    360      1    139      1        0  
000 20260517 23 10069   10084    253      252     100    360      1    147      1        0  
000 20260518 00 10078   10093    274      262      93    290      3    298      3        0  
000 20260518 01 10084   10099    287      267      89    304      3    275      5        0  
000 20260518 02 10084   10099    295      266      85    323      3    309      3        0  
000 20260518 03 10079   10094    299      269      84    277      8    318      4        0  
000 20260518 04 10065   10080    285      256      84    256      4    248      6        0  
000 20260518 05 10059   10074    303      266      81    305      3    282      3        0  
000 20260518 06 10049   10064    306      268      81    284      5    284      4        0  
000 20260518 07 10049   10064    312      263      75    314      3    292      4        0  
000 20260518 08 10055   10070    303      263      79    304      2    303      3        0  
000 20260518 09 10057   10072    303      263      79    353      3    338      2        0  
000 20260518 10 10064   10079    292      262      84    003      5    349      3        0  
000 20260518 11 10078   10093    279      266      93    003     12    028      4       20  
000 20260518 12 10084   10099    257      257     100    072      3    012      5       36  
000 20260518 13 10087   10102    251      251     100    128      5    129      5        3  
000 20260518 14 10082   10097    248      247     100    090      3    096      4        1  
000 20260518 15 10081   10096    250      249     100    138      3    125      3        0  
000 20260518 16 10079   10095    248      248     100    145      3    153      2        0  
000 20260518 17 10073   10088    247      246     100    142      4    146      3        0  
000 20260518 18 10071   10086    246      245     100    135      4    144      4        0  
000 20260518 19 10067   10082    247      247     100    130      4    127      4        0  
000 20260518 20 10065   10080    248      247     100    130      4    128      4        0  
000 20260518 21 10068   10083    246      245     100    120      1    129      3        0  
000 20260518 22 10076   10092    245      245     100    162      3    199      2        0  
000 20260518 23 10085   10100    246      245     100    180      2    170      2        0  
000 20260519 00 10095   10110    250      250     100    164      3    178      3        0  
000 20260519 01 10096   10111    266      262      98    183      4    176      4        0  
000 20260519 02 10094   10109    281      264      90    175      2    193      2        0  
000 20260519 03 10089   10104    297      267      84    272      3    224      3        0  
000 20260519 04 10082   10097    294      264      84    279      5    271      5        0  
000 20260519 05 10071   10086    294      267      86    270      5    263      5        0  
000 20260519 06 10059   10074    296      268      85    277      5    275      4        0  
000 20260519 07 10057   10072    303      269      82    235      4    263      4        0  
000 20260519 08 10058   10073    303      258      77    178      6    190      5        0  
000 20260519 09 10064   10080    285      253      83    137      3    141      4        0  
000 20260519 10 10066   10081    273      257      91    170      2    172      2        0  
000 20260519 11 10069   10084    262      260      99    197      1    360      1        0  
000 20260519 12 10074   10089    256      255     100    138      1    124      2        0  
000 20260519 13 10079   10094    256      255     100    110      3    145      3        0  
000 20260519 14 10083   10098    259      259     100    113      3    125      3        0  
000 20260519 15 10083   10098    259      258     100    123      2    110      3        0  
000 20260519 16 10081   10096    254      253     100    127      4    130      3        0  
000 20260519 17 10074   10089    252      251     100    131      3    125      3        0  
000 20260519 18 10070   10085    246      245     100    136      3    127      2        0  
000 20260519 19 10064   10079    246      245     100    107      3    134      3        0  
000 20260519 20 10068   10083    246      246     100    166      2    097      1        0  
000 20260519 21 10067   10082    240      239     100    360      1    147      1        0  
000 20260519 22 10077   10092    239      238     100    128      3    147      2        0  
000 20260519 23 10087   10102    247      246     100    128      3    132      4        0  
000 20260520 00 10094   10109    265      259      97    133      3    132      3        0  
000 20260520 01 10094   10109    288      262      86    072      3    101      3        0  
000 20260520 02 10092   10107    303      260      78    054      2    050      2        0  
000 20260520 03 10089   10104    309      263      76    263      5    281      4        0  
000 20260520 04 10079   10094    312      263      76    274      6    270      5        0  
000 20260520 05 10068   10083    305      273      83    311      5    305      5        0  
000 20260520 06 10061   10076    302      269      83    306      4    305      5        0  
000 20260520 07 10060   10075    303      267      81    302      3    305      4        0  
000 20260520 08 10064   10079    296      268      85    287      6    293      5        0  
000 20260520 09 10077   10092    292      268      87    240      6    264      7        0  
000 20260520 10 10093   10108    260      252      95    315      4    165      7       98  
000 20260520 11 10094   10110    237      236     100    012      3    035      8      280  
000 20260520 12 10098   10114    237      236     100    070      3    033      5       38  
000 20260520 13 10097   10112    238      237     100    103      4    079      4       29  
000 20260520 14 10090   10105    240      239     100    045      3    063      3        5  
000 20260520 15 10090   10105    241      240     100    360      1    066      2        1  
000 20260520 16 10093   10108    241      240     100    132      1    154      1        0  
000 20260520 17 10091   10106    241      240     100    080      3    130      2        0  
000 20260520 18 10085   10100    240      240     100    360      1    147      1        0  
000 20260520 19 10080   10096    239      239     100    150      1    152      1        0  
000 20260520 20 10080   10095    239      238     100    110      4    130      2        0  
000 20260520 21 10086   10101    239      239     100    360      1    080      2        0  
000 20260520 22 10093   10108    239      239     100    360      1    360      1        0  
000 20260520 23 10100   10115    243      242     100    115      4    133      2        0  
000 20260521 00 10103   10118    266      260      97    055      3    092      2        1  
000 20260521 01 10102   10117    297      264      82    026      4    029      3        0  
000 20260521 02 10100   10115    304      258      77    331      4    003      5        0  
000 20260521 03 10095   10110    307      267      80    278      6    295      5        0  
000 20260521 04 10088   10103    303      271      83    277      6    271      6        0  
000 20260521 05 10081   10096    304      273      84    287      6    285      6        0  
000 20260521 06 10072   10086    308      272      81    292      6    285      6        0  
000 20260521 07 10067   10081    309      271      80    283      5    289      6        0  
000 20260521 08 10068   10083    308      269      79    256      4    276      4        0  
000 20260521 09 10068   10083    302      268      82    224      3    237      4        0  
000 20260521 10 10073   10088    291      270      89    207      2    221      2        0  
000 20260521 11 10079   10094    273      272      99    100      1    081      1        0  
000 20260521 12 10082   10097    264      264     100    090      3    116      1        0  
000 20260521 13 10084   10099    260      259     100    123      3    104      2        0  
000 20260521 14 10084   10100    255      254     100    108      3    122      3        0  
000 20260521 15 10084   10099    251      250     100    079      1    088      2        0  
000 20260521 16 10081   10096    248      247     100    089      3    107      2        0  
000 20260521 17 10079   10095    246      245     100    095      4    099      3        0  
000 20260521 18 10078   10093    243      242     100    360      1    139      2        0  
000 20260521 19 10075   10091    240      240     100    077      2    111      1        0  
000 20260521 20 10078   10093    239      239     100    145      3    137      2        0  
000 20260521 21 10079   10094    243      243     100    130      1    125      2        0  
000 20260521 22 10082   10098    245      245     100    086      1    111      2        0  
000 20260521 23 10089   10104    255      252      98    136      2    129      2        0  
000 20260522 00 10093   10108    292      259      83    077      2    078      2        0  
000 20260522 01 10097   10112    304      253      74    123      2    130      2        0  
000 20260522 02 10098   10113    308      260      76    300      5    300      4        0  
000 20260522 03 10090   10104    310      262      76    280      6    290      5        0  
000 20260522 04 10080   10095    310      262      76    278      7    278      6        0  
000 20260522 05 10074   10089    314      264      75    288      6    281      6        0  
000 20260522 06 10071   10086    313      266      76    263      8    270      8        0  
000 20260522 07 10071   10086    309      274      82    246      6    256      8        0  
000 20260522 08 10082   10097    265      259      96    110      7    121      7        2  
000 20260522 09 10083   10099    251      251     100    076      5    085      4       34  
000 20260522 10 10089   10104    248      248     100    037      5    059      5       22  
000 20260522 11 10094   10110    247      246     100    056      5    043      4        2  
000 20260522 12 10098   10114    246      245     100    068      3    078      4        4  
000 20260522 13 10105   10120    246      246     100    188      2    155      3        0  
000 20260522 14 10105   10121    246      246     100    360      1    360      1        0  
000 20260522 15 10105   10120    246      245     100    097      1    153      1        0  
000 20260522 16 10099   10114    242      242     100    360      1    129      1        0  
000 20260522 17 10095   10111    242      241     100    035      1    360      1        0  
000 20260522 18 10090   10105    243      242     100    360      1    091      1        0  
000 20260522 19 10085   10101    243      242     100    360      1    360      1        0  
000 20260522 20 10083   10099    243      243     100    070      3    067      3        0  
000 20260522 21 10090   10105    243      242     100    360      1    107      2        0  
000 20260522 22 10095   10110    240      240     100    123      3    125      3        0  
000 20260522 23 10098   10113    250      249      99    109      4    117      4        0  
000 20260523 00 10105   10120    283      265      90    125      3    118      3        1  
000 20260523 01 10106   10122    298      268      84    283      4    273      3        0  
000 20260523 02 10106   10121    288      269      90    293      4    290      4        0  
000 20260523 03 10101   10115    299      273      86    289      6    299      5        0  
000 20260523 04 10090   10105    297      272      86    290      6    291      6        0  
000 20260523 05 10081   10096    301      272      85    281      6    284      6        0  
000 20260523 06 10073   10088    302      270      83    263      7    268      7        0  
000 20260523 07 10073   10088    303      270      82    272      4    265      6        0  
000 20260523 08 10071   10086    306      270      81    254      5    247      5        0  
000 20260523 09 10078   10093    297      267      84    231      3    231      3        0  
000 20260523 10 10078   10093    289      269      89    175      2    194      3        0  
000 20260523 11 10089   10104    271      269      99    105      4    147      3        0  
000 20260523 12 10096   10111    265      265     100    108      3    113      3        0  
000 20260523 13 10098   10113    260      259     100    067      2    100      2        0  
000 20260523 14 10101   10117    256      256     100    360      1    109      2        0  
000 20260523 15 10102   10117    253      252     100    360      1    122      2        0  
000 20260523 16 10099   10114    250      250     100    099      3    123      2        0  
000 20260523 17 10095   10110    251      250     100    092      3    105      3        0  
000 20260523 18 10090   10105    250      250     100    121      2    109      1        0  
000 20260523 19 10091   10106    248      247     100    123      4    143      2        0  
000 20260523 20 10092   10107    247      246     100    360      1    116      2        0  
000 20260523 21 10094   10109    244      244     100    360      1    133      1        0  
000 20260523 22 10102   10117    242      242     100    132      2    140      1        0  
000 20260523 23 10107   10122    246      245     100    119      1    131      1        0  
000 20260524 00 10109   10124    274      260      93    135      3    134      3        0  
000 20260524 01 10111   10126    301      264      81    123      4    122      4        0  
000 20260524 02 10109   10124    309      263      77    158      3    136      4        0  
000 20260524 03 10102   10117    306      263      77    231      3    197      4        0  
000 20260524 04 10093   10108    304      270      82    269      7    257      7        0  
000 20260524 05 10085   10100    299      269      84    238      4    257      6        0  
000 20260524 06 10082   10097    272      268      98    087      2    128      3        2  
000 20260524 07 10078   10093    269      267      99    064      3    018      2        0  
000 20260524 08 10080   10096    262      262     100    341      2    028      3        3  
000 20260524 09 10085   10100    263      262     100    021      4    012      4        0  
000 20260524 10 10088   10103    261      261     100    074      3    070      2        0  
000 20260524 11 10095   10111    256      256     100    061      2    066      2        0  
000 20260524 12 10102   10117    254      253     100    097      3    079      2        0  
000 20260524 13 10103   10119    251      250     100    088      3    081      3        0  
000 20260524 14 10102   10117    248      247     100    094      3    094      3        0  
000 20260524 15 10104   10119    246      246     100    071      1    086      2        0  
000 20260524 16 10100   10116    244      243     100    088      2    088      2        0  
000 20260524 17 10094   10109    242      242     100    122      3    105      3        0  
000 20260524 18 10091   10107    240      240     100    132      1    099      3        0  
000 20260524 19 10090   10105    236      236     100    144      2    132      2        0  
000 20260524 20 10088   10103    233      233     100    130      1    360      1        0  
000 20260524 21 10094   10109    232      231     100    160      1    137      1        0  
000 20260524 22 10095   10111    230      230     100    118      1    126      1        0  
000 20260524 23 10101   10116    236      236     100    142      1    134      2        0  
000 20260525 00 10109   10124    260      256      98    360      1    117      1        0  
000 20260525 01 10111   10126    295      260      82    342      2    323      2        0  
000 20260525 02 10110   10125    293      260      82    311      3    321      3        0  
000 20260525 03 10103   10118    293      259      82    296      4    301      3        0  
000 20260525 04 10092   10107    298      262      81    314      4    308      4        0  
000 20260525 05 10083   10098    306      267      80    304      4    313      4        0  
000 20260525 06 10077   10092    302      263      80    249      4    279      5        0  
000 20260525 07 10075   10090    274      264      94    085      5    102      5        3  
000 20260525 08 10075   10090    295      266      85    082      4    089      4        0  
000 20260525 09 10079   10094    286      267      90    101      3    109      3        0  
000 20260525 10 10085   10101    277      266      94    065      7    122      4        0  
000 20260525 11 10092   10107    253      252     100    060      3    062      5       43  
000 20260525 12 10100   10115    251      250     100    167      2    068      1        1  
000 20260525 13 10102   10118    250      250     100    360      1    040      1        0  
000 20260525 14 10105   10120    249      248     100    107      3    123      2        0  
000 20260525 15 10101   10117    247      246     100    114      3    115      3        0  
000 20260525 16 10097   10112    242      242     100    194      1    134      3        0  
000 20260525 17 10092   10107    239      238     100    360      1    154      2        0  
000 20260525 18 10086   10101    235      234     100    360      1    117      2        0  
000 20260525 19 10086   10101    232      232     100    360      1    360      1        0  
000 20260525 20 10086   10101    231      230     100    360      1    128      1        0  
000 20260525 21 10091   10107    230      230     100    360      1    360      1        0  
000 20260525 22 10096   10111    232      231     100    125      2    131      1        0  
000 20260526 00 10106   10122   ////      258     100    107      1    ///    ///        0  
000 20260526 01 10105   10120    288      257      84    136      3    136      2        0  
000 20260526 02 10101   10116    302      255      76    141      5    126      5        0  
000 20260526 03 10098   10113    311      255      72    099      3    120      4        0  
000 20260526 04 10089   10104    314      258      72    250      6    202      4        0  
000 20260526 05 10080   10095    303      264      80    244      7    237      7        0  
000 20260526 06 10072   10087    305      265      79    239      6    246      7        0  
000 20260526 07 10069   10084    309      261      76    230      8    238      8        0  
000 20260526 08 10072   10087    303      260      78    220      5    222      7        0  
000 20260526 09 10076   10091    298      261      81    212      5    228      5        0  
000 20260526 10 10083   10098    275      252      87    130      3    122      3        0  
000 20260526 11 10088   10103    256      250      96    088      4    103      3        0  
000 20260526 12 10096   10111    249      248     100    094      3    096      2        0  
000 20260526 13 10097   10112    246      245     100    074      2    107      3        0  
000 20260526 14 10101   10116    244      244      99    117      3    104      3        0  
000 20260526 15 10101   10117    243      242      99    131      2    125      2        0  
000 20260526 16 10098   10114    241      240     100    105      3    116      3        0  
000 20260526 17 10094   10109    242      242     100    074      1    082      2        0  
000 20260526 18 10091   10107    239      238     100    360      1    360      1        0  
000 20260526 19 10091   10106    238      237     100    153      1    138      2        0  
000 20260526 20 10088   10103    234      234     100    132      3    141      2        0  
000 20260526 21 10092   10108    232      231     100    158      2    150      3        0  
000 20260526 22 10097   10112    229      228     100    191      2    139      2        0  
000 20260526 23 10103   10118    234      233     100    100      3    143      2        0  
000 20260527 00 10111   10127    272      249      88    186      2    134      1        0  
000 20260527 01 10113   10128    283      255      85    139      2    159      2        0  
000 20260527 02 10110   10125    297      258      80    102      4    127      3        0  
000 20260527 03 10105   10120    312      254      71    264      5    160      4        0  
000 20260527 04 10096   10111    302      262      79    311      4    304      4        0  
000 20260527 05 10089   10103    311      264      77    303      4    307      4        0  
000 20260527 06 10080   10095    312      262      75    282      6    278      5        0  
000 20260527 07 10078   10093    310      263      76    246      7    259      7        0  
000 20260527 08 10080   10095    304      260      77    212      6    225      6        0  
000 20260527 09 10085   10100    296      256      79    166      3    196      5        0  
000 20260527 10 10093   10108    278      263      91    121      2    134      3        0  
000 20260527 11 10098   10113    267      261      96    128      2    134      2        0  
000 20260527 12 10103   10118    261      258      98    109      2    113      2        0  
000 20260527 13 10106   10122    257      256     100    209      1    133      1        0  
000 20260527 14 10106   10122    254      253     100    118      3    144      2        0  
000 20260527 15 10106   10121    253      252     100    135      2    100      2        0  
000 20260527 16 /////   /////    246      246     100    130      1    153      1    /////  
000 20260527 17 10097   10112    241      240     100    187      2    124      2        0  
000 20260527 18 10097   10112    236      236     100    170      1    149      2        0  
000 20260527 19 10095   10111    235      234     100    148      2    150      2        0  
000 20260527 20 10097   10112    236      235     100    121      4    131      4        0  
000 20260527 21 10098   10113    236      236     100    117      3    104      4        0  
000 20260527 22 10104   10119    235      234     100    360      1    119      2        0  
000 20260527 23 10107   10122    245      243      99    139      2    142      2        0  
000 20260528 00 10113   10128    278      257      88    144      4    127      3        0  
000 20260528 01 10114   10129    293      259      82    149      4    128      5        0  
000 20260528 02 10110   10124    306      262      77    079      3    132      4        0  
000 20260528 03 10106   10121    302      263      80    302      4    281      4        0  
000 20260528 04 10096   10111    308      268      79    225      7    280      5        0  
000 20260528 05 10088   10103    305      267      80    234      6    231      7        0  
000 20260528 06 10080   10094    308      267      79    246      7    237      6        0  
000 20260528 07 10076   10091    297      263      82    108      5    155      6        0  
000 20260528 08 10077   10092    298      265      83    084      2    084      3        0  
000 20260528 09 10080   10095    295      263      83    119      4    117      4        0  
000 20260528 10 10090   10105    263      259      98    077      6    132      5       63  
000 20260528 11 10095   10110    255      255     100    165      2    149      2        0  
000 20260528 12 10101   10116    251      250     100    168      1    129      2        0  
000 20260528 13 10104   10120    248      247     100    092      2    120      1        0  
000 20260528 14 10107   10122    244      244     100    073      2    098      1        0  
000 20260528 15 10104   10119    241      240     100    124      2    141      2        0  
000 20260528 16 10100   10116    238      237     100    170      2    139      2        0  
000 20260528 17 10095   10111    235      234     100    184      2    138      1        0  
000 20260528 18 10092   10108    233      232     100    175      2    160      2        1  
000 20260528 19 10089   10105    232      231     100    136      2    141      2        0  
000 20260528 20 10089   10104    231      231     100    154      2    134      3        0  
000 20260528 21 10093   10108    231      230     100    360      1    106      1        0  
000 20260528 22 10094   10110    229      229     100    360      1    140      2        0  
000 20260528 23 10099   10114    242      241     100    360      0    360      1        0  
000 20260529 00 10109   10124    279      255      87    050      2    071      1        0  
000 20260529 01 /////   /////   ////     ////     ///    ///    ///    ///    ///        0  
000 20260529 02 10105   /////   ////      260     ///    ///    ///    ///    ///        0  
000 20260529 03 10101   10116   ////      258      74    162      6    ///    ///        0  
000 20260529 04 10092   10107   ////      260      76    152      6    ///    ///        0  
000 20260529 05 10084   10099    303      260      78    153      6    149      5        0  
000 20260529 06 10075   10090    305      260      77    134      5    141      5        0  
000 20260529 07 10066   10081    317      258      71    211      3    175      4        0  
000 20260529 08 10068   10083    314      256      72    218      5    224      4        0  
000 20260529 09 10071   10086    298      262      81    195      4    212      4        0  
000 20260529 10 10075   10090    287      259      85    122      2    152      3        0  
000 20260529 11 10083   10098    266      261      97    089      1    116      2        0  
000 20260529 12 10090   10105    257      257     100    124      1    115      1        0  
000 20260529 13 10093   10108    252      251     100    126      2    131      2        0  
000 20260529 14 10095   10111    247      246     100    144      1    118      2        2  
000 20260529 15 10096   10111    240      239     100    159      3    163      2        0  
000 20260529 16 10095   10110    237      236     100    122      4    132      3        0  
000 20260529 17 10091   10106    240      239     100    139      2    121      3        0  
000 20260529 18 10089   10104    237      236     100    128      3    136      3        0  
000 20260529 19 10086   10101    238      238     100    113      4    122      4        0  
000 20260529 20 10085   10100    243      243     100    117      2    117      3        0  
000 20260529 21 10091   10106    244      244     100    121      2    082      2        0  
000 20260529 22 10094   10109    238      237     100    184      3    152      3        0  
000 20260529 23 10099   10114    245      244      99    152      2    156      3        0  
000 20260530 00 10102   10117    275      258      91    118      5    121      4        3  
000 20260530 01 10105   10120    294      260      82    131      5    115      6        0  
000 20260530 02 10105   10120    304      261      78    302      2    108      4        1  
000 20260530 03 10102   10117    305      266      80    291      6    296      5        0  
000 20260530 04 10094   10109    309      270      80    294      7    297      6        0  
000 20260530 05 10084   10099    314      270      78    228      9    267      6        2  
000 20260530 06 10078   10093    302      269      82    255      7    246      7        0  
000 20260530 07 10072   10087    301      264      81    216      5    237      6        0  
000 20260530 08 10071   10086    298      266      83    224      7    213      6        0  
000 20260530 09 10074   10089    299      268      84    128      4    178      6        0  
000 20260530 10 10079   10094    278      263      91    147      1    139      2        0  
000 20260530 11 10087   10102    259      258     100    117      2    151      1        1  
000 20260530 12 10094   10109    254      253     100    148      2    145      2        0  
000 20260530 13 10097   10112    248      248     100    144      3    141      2        0  
000 20260530 14 10103   10118    245      244     100    102      2    108      2        0  
000 20260530 15 10102   10117    243      243     100    122      1    360      1        0  
000 20260530 16 10101   10116    246      245     100    360      1    091      1        0  
000 20260530 17 10094   10109    241      240     100    123      1    136      1        0  
000 20260530 18 10092   10107    242      241     100    092      3    114      2        0  
000 20260530 19 10092   10107    239      238     100    056      2    040      2        0  
000 20260530 20 10090   10105    232      231     100    360      1    087      1        0  
000 20260530 21 10091   10106    240      237      99    119      3    129      3        0  
000 20260530 22 10096   10111    246      244      99    051      3    093      3        0  
000 20260530 23 10100   10115    252      246      97    084      3    079      2        0  
000 20260531 00 10105   10120    276      251      86    111      5    105      4        0  
000 20260531 01 10110   10125    291      251      79    098      6    106      6        0  
000 20260531 02 10110   10125    304      253      74    113      5    118      5        0  
000 20260531 03 10103   10118    304      251      74    308      3    109      4        0  
000 20260531 04 10094   10109    307      259      76    286      5    299      5        0  
000 20260531 05 10087   10102    312      258      73    255      5    273      5        0  
000 20260531 06 10080   10095    307      263      78    237      6    230      7        0  
000 20260531 07 10074   10089    308      263      77    235      6    236      6        0  
000 20260531 08 10076   10091    308      258      75    247      5    237      6        0  
000 20260531 09 10078   10093    305      258      76    232      5    234      5        0  
000 20260531 11 10092   10107    274      256      90    154      2    154      2        0  
000 20260531 12 10098   10113    267      259      95    110      2    133      2        0  
000 20260531 13 10103   10119    269      255      92    115      3    126      2        0  
000 20260531 14 10106   10122    266      253      93    112      3    125      3        0  
000 20260531 15 10108   10123    264      253      94    116      2    129      2        0  
000 20260531 16 10107   10122    261      253      95    129      1    116      1        0  
000 20260531 17 10101   10116    263      248      91    140      1    136      2        0  
000 20260531 18 10096   10111    259      252      95    133      1    129      1        0  
000 20260531 19 10095   10111    254      252      99    052      1    360      1        0  
000 20260531 20 10095   10110    249      248     100    360      1    161      1        0  
000 20260531 21 10094   10109    249      248     100    059      1    360      1        0  
000 20260531 22 10100   10115    249      248     100    220      1    103      2        0  
000 20260531 23 10109   10124    254      251      98    133      3    177      1        0  
  
