Hourly Report for WAWP
STN YYYYMMDD GG QFE36   QFF36   TEMP36   DEWP36   RH36   WD36   WS36   WD36   WS36   RA36   
xxx                                                       10     10     60     60           
                hPa     hPa     degC     degC     %      deg    kt     deg    kt     mm     
000 20260401 00 10096   10111    270      251      90    149      2    137      2        1  
000 20260401 01 10099   10114    292      254      80    258      4    248      3        0  
000 20260401 02 10102   10117    296      252      78    279      5    272      5        0  
000 20260401 03 10098   10113    301      255      76    290      6    281      6        0  
000 20260401 04 10091   10106    304      259      77    304      6    293      6        0  
000 20260401 05 10085   10100    288      258      84    187      3    252      4        0  
000 20260401 06 10077   10092    265      252      92    105      3    130      4        1  
000 20260401 07 10068   10083    266      256      94    197      1    150      2        9  
000 20260401 08 10064   10080    270      258      93    082      2    102      2        0  
000 20260401 09 10065   10080    283      249      82    197      2    170      2        1  
000 20260401 10 10072   10088    281      254      85    111      2    144      2        0  
000 20260401 11 10079   10094    263      257      96    138      2    120      2        0  
000 20260401 12 10086   10101    259      257      99    121      3    120      3        0  
000 20260401 13 10096   10111    259      257      99    129      2    129      3        0  
000 20260401 14 10100   10115    259      257      98    093      3    136      2        0  
000 20260401 15 10098   10113    255      249      96    135      3    123      3        0  
000 20260401 16 10093   10108    253      245      95    125      3    128      3        0  
000 20260401 17 10086   10101    249      243      97    172      2    131      2        0  
000 20260401 18 10080   10095    243      242     100    152      1    360      1        0  
000 20260401 19 10077   10093    240      239     100    144      1    127      1        0  
000 20260401 20 10074   10089    237      237     100    139      1    135      2        0  
000 20260401 21 10079   10095    235      235     100    128      2    126      1        0  
000 20260401 22 10082   10097    239      237      99    120      4    114      4        0  
000 20260401 23 10092   10107    251      239      93    111      1    123      3        0  
000 20260402 00 10099   10114    276      246      84    095      1    102      1        0  
000 20260402 01 10102   10117    300      247      74    073      5    067      5        0  
000 20260402 02 10099   10114    314      241      66    077      4    065      6        0  
000 20260402 03 10092   10107    322      240      62    233      3    129      4        0  
000 20260402 04 10081   10096    313      252      70    282      7    277      5        0  
000 20260402 05 10073   10088    310      261      75    296      7    292      7        0  
000 20260402 06 10066   10081    310      266      77    297      7    296      7        0  
000 20260402 07 10058   10073    308      265      78    277      6    291      6        0  
000 20260402 08 10061   10076    278      249      85    130     11    192      8      173  
000 20260402 09 10057   10072    240      236      98    156      3    151      4       14  
000 20260402 10 10065   10080    248      243      97    095      3    103      4        0  
000 20260402 11 10074   10089    249      246      98    213      2    175      2        0  
000 20260402 12 10079   10094    248      247     100    360      1    137      2        0  
000 20260402 13 10089   10104    247      247     100    360      1    109      1        0  
000 20260402 14 10094   10109    245      245     100    094      3    101      2        0  
000 20260402 15 10091   10106    243      243     100    080      4    096      3        0  
000 20260402 16 10087   10102    242      242     100    123      2    090      3        0  
000 20260402 17 10083   10099    237      237     100    137      2    145      2        0  
000 20260402 18 10075   10090    233      232     100    154      1    153      1        0  
000 20260402 19 10075   10091    230      229     100    077      1    138      1        0  
000 20260402 20 10078   10094    229      228     100    102      2    113      2        0  
000 20260402 21 10085   10100    228      227     100    111      4    127      2        0  
000 20260402 22 10092   10107    230      229     100    124      1    089      2        0  
000 20260402 23 10099   10114    252      243      95    033      4    053      3        0  
000 20260403 00 10103   10119    277      254      87    307      4    352      3        0  
000 20260403 01 10103   10118    281      255      86    305      5    306      5        0  
000 20260403 02 10102   10117    293      257      81    301      6    302      5        1  
000 20260403 03 10098   10113    295      257      80    289      7    296      6        0  
000 20260403 04 10088   10103    298      258      79    307      6    302      6        0  
000 20260403 05 10080   10095    297      256      79    302      6    301      6        0  
000 20260403 06 10069   10084    302      256      76    277      8    289      7        0  
000 20260403 07 10066   10081    302      256      76    283      6    284      6        0  
000 20260403 08 10061   10076    296      253      78    290      4    285      5        0  
000 20260403 09 10066   10081    293      252      79    279      4    277      5        0  
000 20260403 10 10077   10092    283      250      82    268      3    270      3        0  
000 20260403 11 10088   10103    272      250      88    128      2    243      2        0  
000 20260403 12 10095   10110    257      251      97    129      2    116      2        0  
000 20260403 13 10101   10117    253      250      98    103      2    104      2        0  
000 20260403 14 10101   10117    250      249      99    093      4    078      3        0  
000 20260403 15 10094   10109    249      246      98    092      3    089      3        0  
000 20260403 16 10087   10102    245      243      99    104      4    107      3        0  
000 20260403 17 10079   10095    242      240      99    098      3    102      3        0  
000 20260403 18 10072   10088    241      240      99    113      1    101      2        0  
000 20260403 19 10066   10081    237      237     100    115      4    135      2        0  
000 20260403 20 10066   10081    237      237     100    360      1    111      3        0  
000 20260403 21 10066   10081    233      233     100    123      2    130      2        0  
000 20260403 22 10072   10087    231      230     100    360      1    158      1        0  
000 20260403 23 10081   10096    243      238      97    186      1    143      1        0  
000 20260404 00 10084   10099    287      249      80    302      1    001      1        0  
000 20260404 01 10084   10099    297      251      77    283      2    292      3        0  
000 20260404 02 10080   10095    299      254      77    280      5    293      4        0  
000 20260404 03 10072   10086    304      255      75    268      6    271      5        0  
000 20260404 04 10060   10075    302      254      76    295      7    287      5        0  
000 20260404 05 10054   10069    312      254      71    277      8    292      6        0  
000 20260404 06 10049   10064    304      254      75    230      6    246      7        0  
000 20260404 07 10044   10059    307      259      76    218      7    220      7        0  
000 20260404 08 10042   10057    304      253      74    244      6    226      6        0  
000 20260404 09 10049   10063    307      247      71    242      5    258      5        0  
000 20260404 10 10053   10068    296      244      74    245      2    254      3        0  
000 20260404 11 10064   10080    265      242      87    161      4    169      5        0  
000 20260404 12 10066   10081    246      241      97    114      2    152      2        0  
000 20260404 13 10071   10086    250      244      97    095      2    079      2        0  
000 20260404 14 10072   10087    249      243      96    165      2    100      2        0  
000 20260404 15 10073   10088    246      244      99    154      2    150      1        0  
000 20260404 16 10071   10086    242      241     100    114      2    145      2        0  
000 20260404 17 10069   10084    241      241     100    132      1    105      1        0  
000 20260404 18 10063   10078    241      241     100    360      0    108      2        0  
000 20260404 19 10061   10076    240      240     100    122      1    092      1        0  
000 20260404 20 10062   10077    241      240      99    087      3    077      2        0  
000 20260404 21 10065   10080    240      238      99    101      1    360      1        0  
000 20260404 22 10068   10083    237      237     100    360      1    118      1        0  
000 20260404 23 10082   10097    253      245      96    168      2    083      1        0  
000 20260405 00 10087   10102    283      257      86    262      6    230      3        0  
000 20260405 01 10091   10106    278      256      88    287      4    285      4        0  
000 20260405 02 10087   10102    288      257      83    284      4    284      5        0  
000 20260405 03 10080   10094    291      255      81    284      6    294      5        0  
000 20260405 04 10069   10084    296      255      78    280      7    287      6        0  
000 20260405 05 10063   10078    297      256      79    281      5    277      6        0  
000 20260405 06 10058   10073    285      252      82    231      4    245      5        0  
000 20260405 07 10051   10066    282      252      84    231      2    245      3        0  
000 20260405 08 10051   10066    282      251      83    124      2    166      2        0  
000 20260405 09 10055   10070    286      253      82    119      2    100      2        0  
000 20260405 10 10062   10077    278      255      87    146      2    144      2        0  
000 20260405 11 10070   10085    264      257      96    128      3    148      2        0  
000 20260405 12 10080   10095    261      255      96    127      3    123      3        0  
000 20260405 13 10085   10100    259      254      97    115      3    124      3        0  
000 20260405 14 10086   10101    256      251      97    051      2    114      3        0  
000 20260405 15 10085   10101    250      245      97    062      2    088      1        0  
000 20260405 16 10079   10095    245      241      98    092      1    133      1        0  
000 20260405 17 10076   10091    242      239      98    074      1    107      1        0  
000 20260405 18 10068   10084    241      237      98    134      1    124      1        0  
000 20260405 19 10070   10086    239      238      99    145      1    135      1        0  
000 20260405 20 10076   10091    239      238     100    099      2    111      2        0  
000 20260405 21 10078   10093    240      239     100    078      1    111      2        0  
000 20260405 22 10085   10101    240      240     100    304      3    071      2        0  
000 20260405 23 10092   10107    260      248      93    316      3    315      4        0  
000 20260406 00 10096   10111    275      247      85    320      3    316      3        0  
000 20260406 01 10094   10109    290      248      78    304      3    328      3        0  
000 20260406 02 10094   10109    289      249      80    288      4    283      4        0  
000 20260406 03 10087   10102    295      250      77    279      5    283      5        0  
000 20260406 04 10077   10092    297      253      78    274      7    267      6        0  
000 20260406 05 10067   10082    300      255      77    299      5    289      6        0  
000 20260406 06 10059   10074    303      256      76    282      6    292      6        0  
000 20260406 07 10056   10071    301      259      78    286      4    286      5        0  
000 20260406 08 10061   10076    289      257      83    277      2    272      3        0  
000 20260406 09 10066   10081    286      254      83    178      2    210      2        0  
000 20260406 10 10073   10088    281      256      86    196      1    213      2        0  
000 20260406 11 10081   10096    272      259      93    152      1    166      1        0  
000 20260406 12 10087   10102    263      260      98    143      1    107      2        0  
000 20260406 13 10095   10110    260      259      99    105      4    115      2        0  
000 20260406 14 10095   10110    260      256      98    121      1    110      3        0  
000 20260406 15 10097   10112    256      255      99    176      2    126      2        0  
000 20260406 16 10098   10113    246      242      97    325      4    294      5      153  
000 20260406 17 10091   10106    248      242      96    010      4    344      4        2  
000 20260406 18 10086   10101    245      244      99    047      3    046      3        1  
000 20260406 19 10089   10105    242      242     100    060      3    058      4        0  
000 20260406 20 10088   10103    240      239     100    135      2    086      3        0  
000 20260406 21 10091   10106    239      238     100    150      5    118      2        0  
000 20260406 22 10089   10104    240      239     100    122      4    126      4        7  
000 20260406 23 10097   10112    246      245     100    152      2    132      3        1  
000 20260407 00 10100   10115    267      250      90    158      2    159      3        0  
000 20260407 01 10101   10116    288      250      80    260      3    242      2        0  
000 20260407 02 10098   10113    291      250      79    267      4    258      4        0  
000 20260407 03 10091   10106    295      251      77    293      4    278      5        0  
000 20260407 04 10087   10101    295      253      78    238      5    253      5        0  
000 20260407 05 10079   10094    299      253      77    225      7    237      6        0  
000 20260407 06 10070   10085    301      251      75    248      7    239      6        0  
000 20260407 07 10063   10078    302      250      74    247      6    236      6        0  
000 20260407 08 10066   10081    303      249      73    247      5    248      5        0  
000 20260407 09 10066   10081    290      249      78    210      5    222      4        0  
000 20260407 10 10073   10088    280      251      85    190      2    194      3        0  
000 20260407 11 10080   10095    268      256      93    184      1    360      1        0  
000 20260407 12 10087   10102    261      255      96    106      4    131      2        0  
000 20260407 13 10095   10110    257      253      97    160      1    121      2        0  
000 20260407 14 10095   10110    252      252     100    132      1    119      1        0  
000 20260407 15 10098   10113    249      248      99    137      1    121      1        0  
000 20260407 16 10094   10109    248      247     100    147      1    152      2        0  
000 20260407 17 10092   10107    248      248     100    133      1    128      1        0  
000 20260407 18 10088   10103    247      246     100    156      1    138      1        0  
000 20260407 19 10086   10101    247      246     100    160      1    144      2        1  
000 20260407 20 10085   10101    245      245     100    087      1    129      2        0  
000 20260407 21 10087   10102    243      242     100    123      1    121      2        0  
000 20260407 22 10090   10105    242      242     100    013      2    076      1        0  
000 20260407 23 10092   10108    246      245     100    080      1    112      1        0  
000 20260408 00 10096   10111    262      255      96    041      3    050      3        0  
000 20260408 01 10102   10117    284      257      85    359      3    025      3        1  
000 20260408 02 10101   10116    300      258      78    325      4    336      4        0  
000 20260408 03 10096   10111    296      256      79    330      4    329      3        0  
000 20260408 04 10089   10104    303      259      77    299      7    309      5        0  
000 20260408 05 10079   10094    301      250      74    291      5    274      5        0  
000 20260408 06 10069   10083    304      259      77    278      4    283      4        0  
000 20260408 07 10063   10078   ////      256     ///    242      4    ///    ///        0  
000 20260408 08 10063   10078    299      253      76    170      4    202      4        0  
000 20260408 09 10067   10081    299      251      76    199      3    192      3        0  
000 20260408 10 10078   10093    288      256      83    161      2    153      2        0  
000 20260408 11 10089   10105    266      261      97    144      1    155      2        0  
000 20260408 12 10097   10112    261      257      98    137      1    360      1        0  
000 20260408 13 10099   10114    259      256      98    204      1    153      2        0  
000 20260408 14 10103   10119    267      258      95    298      3    244      2        0  
000 20260408 15 10106   10121    269      255      92    064      4    064      4        0  
000 20260408 16 10106   10121    257      245      93    057      2    081      2        0  
000 20260408 17 10096   10111    252      246      96    080      3    066      3        0  
000 20260408 18 10092   10107    251      247      98    070      4    075      3        0  
000 20260408 19 10092   10107    250      245      97    033      3    055      3        0  
000 20260408 20 10094   10109    257      244      92    330      7    352      5        0  
000 20260408 21 10100   10115    244      238      97    290      2    341      5       19  
000 20260408 22 10105   10120    239      238     100    078      4    118      4       10  
000 20260408 23 10109   10124    240      239     100    133      2    144      2        3  
000 20260409 00 10109   10124    244      244     100    111      4    126      2        5  
000 20260409 01 10114   10130    257      252      97    014      2    083      2        1  
000 20260409 02 10118   10133    279      251      85    306      2    347      3        0  
000 20260409 03 10111   10126    290      251      80    262      5    279      4        0  
000 20260409 04 10101   10116    291      252      79    235      4    237      4        0  
000 20260409 05 10088   10102    296      255      79    227      5    229      5        0  
000 20260409 06 10079   10094    298      253      77    245      4    249      5        0  
000 20260409 07 10073   10088    301      253      75    283      4    278      4        0  
000 20260409 08 10072   10087    292      250      78    004      1    316      2        0  
000 20260409 09 10078   10093    293      249      77    360      1    264      2        0  
000 20260409 10 10082   10097    286      253      82    126      2    137      2        0  
000 20260409 11 10087   10102    269      256      93    154      3    151      3        0  
000 20260409 12 10094   10109    263      254      95    132      1    135      1        0  
000 20260409 13 10102   10117    257      253      98    360      1    136      2        0  
000 20260409 14 10104   10119    255      254      99    134      3    139      3        0  
000 20260409 15 10105   10120    255      250      97    164      1    125      2        0  
000 20260409 16 10100   10116    254      251      98    360      1    147      2        0  
000 20260409 17 10094   10109    253      247      97    140      2    110      2        0  
000 20260409 18 10092   10107    250      245      97    360      1    360      1        0  
000 20260409 19 10084   10100    249      244      97    067      1    113      1        0  
000 20260409 20 10084   10100    245      241      98    360      1    107      2        0  
000 20260409 21 10090   10105    242      240      99    360      1    098      1        0  
000 20260409 22 10094   10109    245      241      98    061      2    052      3        0  
000 20260409 23 10102   10117    258      251      96    076      3    096      1        0  
000 20260410 00 10106   10121    290      257      83    045      1    055      2        1  
000 20260410 01 10112   10126    303      256      76    298      3    310      2        0  
000 20260410 02 10109   10124    304      257      76    294      4    295      3        0  
000 20260410 03 10102   10117    304      259      77    272      6    274      5        0  
000 20260410 04 10094   10109    306      258      76    266      8    269      6        0  
000 20260410 05 10084   10099    308      255      73    231      6    252      6        0  
000 20260410 06 10076   10091    309      260      75    217      6    235      6        0  
000 20260410 07 10071   10086    308      260      76    210      5    230      6        0  
000 20260410 08 10074   10089    291      257      82    190      4    201      5        0  
000 20260410 09 10078   10093    284      259      86    169      2    179      3        0  
000 20260410 10 10083   10099    276      261      91    135      2    126      2        0  
000 20260410 11 10089   10104    266      258      95    118      3    116      3        0  
000 20260410 12 10096   10111    260      256      97    099      3    124      2        0  
000 20260410 13 10102   10118    256      254      99    360      0    122      1        0  
000 20260410 14 10101   10116    252      251      99    103      3    111      3        0  
000 20260410 15 10103   10118    249      248     100    103      3    114      2        0  
000 20260410 16 10104   10119    246      246     100    360      1    360      1        0  
000 20260410 17 10093   10109    246      245     100    099      4    108      3        0  
000 20260410 18 10090   10105    244      244     100    360      0    079      1        0  
000 20260410 19 10089   10104    244      243     100    262      5    154      2        0  
000 20260410 20 10089   10105    259      242      91    235      1    250      3        0  
000 20260410 21 10093   10108    253      244      95    075      2    033      3        0  
000 20260410 22 10097   10112    245      242      98    082      4    083      4        0  
000 20260410 23 10102   10117    253      246      96    050      4    073      4        0  
000 20260411 00 10108   10123    279      249      84    057      3    050      4        0  
000 20260411 01 10111   10126    295      252      78    173      2    068      3        0  
000 20260411 02 10114   10129    276      243      82    309      4    285      6        0  
000 20260411 04 10099   10114    275      246      84    303      4    312      4        0  
000 20260411 05 10089   10104    285      249      81    312      3    296      5        0  
000 20260411 06 10076   10091    285      247      80    324      4    324      4        0  
000 20260411 07 10070   10084    300      246      73    326      3    310      3        0  
000 20260411 08 10072   10087    303      245      71    264      4    287      4        0  
000 20260411 09 10073   10088    296      241      72    210      2    238      3        0  
000 20260411 10 10078   10093    284      244      79    171      2    229      2        0  
000 20260411 11 10084   10099    266      251      91    113      2    138      2        0  
000 20260411 12 10092   10107    256      250      97    108      4    123      3        0  
000 20260411 13 10097   10112    253      246      96    089      2    100      3        0  
000 20260411 14 10103   10118    248      242      97    360      0    126      2        0  
000 20260411 15 10105   10121    245      242      99    026      2    035      1        0  
000 20260411 16 10098   10114    242      242     100    360      1    071      1        0  
000 20260411 17 10093   10108    240      239     100    129      1    099      1        0  
000 20260411 18 10085   10101    238      238     100    360      0    100      1        0  
000 20260411 19 10083   10098    238      237     100    360      1    360      1        0  
000 20260411 20 10083   10099    237      236     100    360      1    121      1        0  
000 20260411 21 10090   10105    236      235     100    360      1    114      2        0  
000 20260411 22 10099   10114    235      235     100    099      3    111      1        0  
000 20260411 23 10102   10117    244      241      98    086      3    100      3        0  
000 20260412 00 10105   10120    274      254      89    082      2    089      2        0  
000 20260412 01 10105   10120    300      255      77    277      4    016      2        0  
000 20260412 02 10103   10118    298      253      77    269      5    273      4        0  
000 20260412 03 10096   10111    306      256      75    296      5    281      5        0  
000 20260412 04 10082   10097    307      253      73    274      7    276      6        0  
000 20260412 05 10074   10089    308      254      73    254      6    256      6        0  
000 20260412 06 10067   10082    285      243      78    145      5    160      5        0  
000 20260412 07 10059   10074    302      245      72    162      5    158      6        0  
000 20260412 08 10057   10072    306      250      72    215      6    211      6        0  
000 20260412 09 10060   10075    303      251      74    205      4    218      5        0  
000 20260412 10 10069   10084    295      248      76    117      3    154      4        0  
000 20260412 11 10079   10094    275      252      87    114      3    117      2        0  
000 20260412 12 10085   10101    265      249      91    184      2    145      2        0  
000 20260412 13 10088   10103    253      248      97    156      1    156      1        0  
000 20260412 14 10093   10108    247      246     100    360      1    134      1        0  
000 20260412 15 10095   10110    243      243     100    160      1    145      1        0  
000 20260412 16 10093   10108    240      240     100    133      2    137      2        0  
000 20260412 17 10087   10102    238      237     100    134      1    133      1        0  
000 20260412 18 10085   10101    235      234     100    073      2    123      2        0  
000 20260412 19 10083   10098    232      232     100    108      2    117      1        0  
000 20260412 20 10087   10102    233      232     100    360      1    117      3        0  
000 20260412 21 10091   10106    231      230     100    155      1    132      1        0  
000 20260412 22 10094   10110    228      227     100    150      2    147      2        0  
000 20260412 23 10101   10116    237      233      98    167      4    164      3        0  
000 20260413 00 10106   10121    263      243      89    169      5    164      4        0  
000 20260413 01 10107   10122    295      237      71    129      4    145      5        0  
000 20260413 02 10108   10122    315      222      58    122      7    122      6        0  
000 20260413 03 10102   10117    324      211      52    153      5    129      6        0  
000 20260413 04 10092   10107    322      223      56    299      4    306      5        0  
000 20260413 05 10084   10099    310      244      68    253      7    256      7        0  
000 20260413 06 10078   10093    314      243      66    261      7    258      7        0  
000 20260413 07 10072   10086    312      237      64    261      6    261      7        0  
000 20260413 08 10075   10090    314      230      61    243      6    248      6        0  
000 20260413 09 10081   10096    306      238      67    227      6    238      6        0  
000 20260413 10 10088   10103    293      243      75    226      5    229      5        0  
000 20260413 11 10095   10110    283      247      81    125      2    191      3        0  
000 20260413 12 10101   10117    265      244      88    091      4    087      4        0  
000 20260413 13 10107   10122    261      238      87    111      3    110      4        0  
000 20260413 14 10105   10120    257      236      88    077      3    093      3        0  
000 20260413 15 10104   10120    247      236      93    076      1    086      2        0  
000 20260413 16 10098   10113    240      234      97    110      3    112      2        0  
000 20260413 17 10091   10106    235      231      97    188      2    131      3        0  
000 20260413 18 10082   10098    229      228     100    137      1    152      2        0  
000 20260413 19 10080   10096    223      223     100    136      3    140      2        0  
000 20260413 20 10080   10095    223      221      99    114      4    112      3        0  
000 20260413 21 10086   10101    221      218      98    137      1    138      1        0  
000 20260413 22 10092   10108    219      216      99    360      1    132      1        0  
000 20260413 23 10102   10117    235      223      93    360      1    360      1        0  
000 20260414 00 10104   10119    280      233      76    060      2    084      2        0  
000 20260414 01 10104   10118    300      228      66    080      2    066      2        0  
000 20260414 02 10100   10115    312      232      62    312      3    026      3        0  
000 20260414 03 10093   10108    319      231      60    256      6    302      4        0  
000 20260414 04 10083   10098    311      237      65    265      6    269      6        0  
000 20260414 05 10071   10086    314      235      63    269      8    262      7        0  
000 20260414 06 10065   10080    318      242      64    255      7    266      7        0  
000 20260414 07 10061   10076    311      253      71    242      6    254      6        0  
000 20260414 08 10062   10077    305      250      73    254      5    247      6        0  
000 20260414 09 10064   10079    302      247      73    266      4    262      4        0  
000 20260414 10 10071   10086    292      247      77    163      1    238      2        0  
000 20260414 11 10076   10091    274      253      88    107      3    104      2        0  
000 20260414 12 10080   10096    269      251      90    105      3    117      3        0  
000 20260414 13 10085   10101    264      245      90    094      3    097      3        0  
000 20260414 14 10085   10101    264      243      88    077      3    070      3        0  
000 20260414 15 10087   10102    257      245      93    137      3    150      2        0  
000 20260414 16 10082   10097    254      243      94    101      3    118      3        0  
000 20260414 17 10079   10094    250      240      94    165      3    129      2        0  
000 20260414 18 10074   10089    244      238      96    132      1    127      2        0  
000 20260415 00 10087   10103   ////     ////     ///    ///    ///    ///    ///        0  
000 20260415 01 10091   10106   ////     ////     ///    ///    ///    ///    ///        0  
000 20260415 02 10089   10103    308      223      61    282      4    288      3        0  
000 20260415 04 10072   10087    315      233      62    287      6    282      6        0  
000 20260415 05 10063   10078    314      236      63    307      5    293      6        0  
000 20260415 06 10057   10072    315      242      65    271      7    293      6        0  
000 20260415 07 10051   10066    313      248      69    222      7    251      7        0  
000 20260415 08 10052   10066    309      241      67    244      5    239      6        0  
000 20260415 09 10053   10068    305      243      70    244      4    239      4        0  
000 20260415 10 10060   10075    295      246      75    270      2    259      3        0  
000 20260416 00 10089   10104   ////      236      71    129      2    ///    ///        0  
000 20260416 01 10097   10112    305      240      68    295      4    022      3        0  
000 20260416 03 10092   10106   ////      241      68    298      5    ///    ///        0  
000 20260416 04 10081   10096   ////     ////     ///    290      4    ///    ///        0  
000 20260416 05 10072   10087    312      243      67    264      6    267      6        0  
000 20260416 06 10063   10078    314      248      68    252      6    255      6        0  
000 20260416 07 10058   10073    314      253      70    260      6    257      6        0  
000 20260416 08 10057   10072    313      250      69    234      6    243      6        0  
000 20260416 09 10061   10076    308      248      71    222      5    228      5        0  
000 20260416 10 10067   10081    295      244      74    218      3    217      4        0  
000 20260416 11 10074   10089    288      249      80    195      4    216      4        0  
000 20260416 12 10085   10100    269      250      89    142      2    142      3        0  
000 20260416 13 10090   10106    257      247      94    132      4    126      3        0  
000 20260416 14 10090   10106    254      244      94    120      4    134      3        0  
000 20260416 15 10094   10109    252      241      94    116      4    124      3        0  
000 20260416 16 10093   10108    250      239      93    137      4    131      4        0  
000 20260416 17 10088   10103    246      238      96    050      2    110      2        0  
000 20260416 18 10084   10099    246      240      96    101      2    080      2        0  
000 20260416 19 10075   10090    249      242      96    077      3    076      4        0  
000 20260416 20 10073   10088    247      242      97    072      4    084      4        0  
000 20260416 21 10077   10092    243      241      99    102      2    102      2        0  
000 20260416 22 10083   10099    240      240     100    360      1    157      1        0  
000 20260416 23 10089   10104    250      244      97    109      2    133      2        0  
000 20260417 00 10094   10109    277      247      84    074      2    079      2        0  
000 20260417 01 10094   10109    301      248      74    080      2    098      2        0  
000 20260417 02 10089   10104    308      251      72    265      6    292      4        0  
000 20260417 03 10083   10098    305      253      74    291      7    282      6        0  
000 20260417 04 10075   10090    311      255      72    281      6    287      6        0  
000 20260417 05 10069   10084    314      255      71    261      8    261      7        0  
000 20260417 06 10062   10077    316      255      70    246      8    255      7        0  
000 20260417 07 10057   10071    315      248      68    237      7    246      7        0  
000 20260417 08 10056   10071    311      246      69    228      5    235      6        0  
000 20260417 09 10056   10071    310      241      67    213      5    229      5        0  
000 20260417 10 10062   10077    298      244      73    239      4    225      4        0  
000 20260417 11 10069   10084    283      249      82    144      3    196      3        0  
000 20260417 12 10079   10094    261      247      92    150      3    136      3        0  
000 20260417 13 10086   10101    256      243      92    138      3    136      3        0  
000 20260417 14 10087   10103    251      240      94    360      1    134      2        0  
000 20260417 15 10085   10101    241      239      98    360      1    153      1        0  
000 20260417 16 10082   10098    242      239      98    104      1    109      1        0  
000 20260417 17 10074   10089    242      238      97    126      1    129      1        0  
000 20260417 18 10069   10084    237      236     100    166      2    155      1        0  
000 20260417 19 10064   10079    234      234     100    116      1    153      2        0  
000 20260417 20 10063   10078    231      231     100    147      2    151      1        0  
000 20260417 21 10068   10083    228      228     100    156      2    148      1        0  
000 20260417 22 10075   10090    226      226     100    163      1    154      2        0  
000 20260417 23 10079   10094    241      232      95    132      4    135      3        0  
000 20260418 00 10085   10100    276      241      81    170      3    176      3        0  
000 20260418 01 10088   10103    307      243      69    139      3    144      2        0  
000 20260418 02 10087   10102    318      233      61    303      5    111      4        0  
000 20260418 03 10082   10097    311      250      70    292      6    305      5        0  
000 20260418 04 10078   10093    312      245      68    257      6    254      7        0  
000 20260418 05 10070   10085    312      247      69    246      8    247      7        0  
000 20260418 06 10060   10075    314      245      67    242      7    242      7        0  
000 20260418 07 10054   10069    313      239      65    211      7    221      7        0  
000 20260418 08 10054   10069    307      235      66    228      6    223      6        0  
000 20260418 09 10054   10069    309      226      61    234      6    235      6        0  
000 20260418 10 10058   10073    297      235      69    213      3    215      5        0  
000 20260418 11 10064   10079    273      243      83    110      1    138      2        0  
000 20260418 12 10072   10087    256      241      91    143      1    125      1        0  
000 20260418 13 10081   10096    250      236      92    108      2    134      1        0  
000 20260418 14 10085   10100    249      237      93    360      1    161      1        0  
000 20260418 15 10090   10105    244      237      96    168      2    186      2        0  
000 20260418 16 10087   10102    239      237      98    169      1    165      1        0  
000 20260418 17 10079   10094    241      237      98    360      1    360      1        0  
000 20260418 18 10073   10088    244      238      97    360      1    172      1        0  
000 20260418 19 10069   10084    241      237      97    360      1    134      1        0  
000 20260418 20 10071   10086    237      234      98    117      2    119      1        0  
000 20260418 21 10073   10088    236      233      98    129      4    115      3        0  
000 20260418 22 10079   10094    240      232      95    127      4    126      4        0  
000 20260418 23 10082   10097    253      236      90    084      3    100      3        0  
000 20260419 00 10089   10104    284      244      79    053      3    085      3        0  
000 20260419 01 10091   10106    301      246      73    302      4    334      3        0  
000 20260419 02 10091   10105    302      255      76    277      5    285      4        0  
000 20260419 03 10084   10099    306      249      72    279      6    275      6        0  
000 20260419 04 10074   10089    310      246      69    268      7    267      7        0  
000 20260419 05 10066   10080    312      243      67    262      8    264      8        0  
000 20260419 06 10056   10071    312      247      68    261      7    260      8        0  
000 20260419 07 10050   10065    310      247      69    245      6    246      6        0  
000 20260419 08 10051   10066    308      247      70    235      6    230      6        0  
000 20260419 09 10054   10069    305      249      72    231      4    234      5        0  
000 20260419 10 10063   10078    290      247      78    193      4    209      4        0  
000 20260419 11 10069   10084    266      248      90    160      2    170      2        0  
000 20260419 12 10079   10095    253      245      95    360      1    146      1        0  
000 20260419 13 10087   10102    246      242      97    100      3    134      2        0  
000 20260419 14 10091   10106    245      240      97    360      0    131      1        0  
000 20260419 15 10090   10105    242      237      97    360      1    360      1        0  
000 20260419 16 10087   10102    235      234      99    100      1    360      1        0  
000 20260419 17 10080   10095    232      232     100    360      1    120      1        0  
000 20260419 18 10076   10091    229      228     100    145      1    137      1        0  
000 20260419 19 10072   10087    228      227     100    148      1    156      2        0  
000 20260419 20 10069   10084    228      227     100    131      1    149      1        0  
000 20260419 21 10069   10084    226      226     100    134      1    137      1        0  
000 20260419 22 10075   10090    225      224     100    132      1    144      1        0  
000 20260419 23 10079   10095    233      231      98    360      1    143      1        0  
000 20260420 00 10086   10101    279      245      82    066      2    093      2        0  
000 20260420 01 10093   10108    301      245      72    300      3    323      3        0  
000 20260420 02 10088   10103    304      242      69    277      6    275      5        0  
000 20260420 03 10082   10097    308      237      66    257      6    271      6        0  
000 20260420 04 10073   10088    312      236      64    265      6    265      7        0  
000 20260420 05 10065   10080    315      235      63    258      7    264      6        0  
000 20260420 06 10056   10071    315      238      64    278      6    270      7        0  
000 20260420 09 10050   10065   ////      232      65    224      2    ///    ///        0  
000 20260420 10 10054   10069    296      236      70    177      2    202      2        0  
000 20260420 11 10068   10083    272      246      86    130      3    143      3        0  
000 20260420 12 10076   10091    263      247      91    134      2    141      1        0  
000 20260420 13 10082   10097    258      245      92    141      2    139      3        0  
000 20260420 14 10081   10096    260      244      91    151      2    115      3        0  
000 20260420 15 10082   10098    258      244      92    157      3    156      3        0  
000 20260420 16 10079   10094    251      241      94    155      4    137      3        0  
000 20260420 17 10074   10089    246      239      96    171      1    146      1        0  
000 20260420 18 10068   10083    241      237      97    146      2    146      2        0  
000 20260420 19 10067   10082    243      235      95    140      2    127      4        0  
000 20260420 20 10063   10078    242      234      95    107      4    129      4        0  
000 20260420 21 10066   10081    242      233      95    360      1    131      2        0  
000 20260420 22 10071   10087    235      231      98    174      1    128      1        0  
000 20260420 23 10079   10094    249      237      94    112      4    121      3        0  
000 20260421 00 10086   10101    286      243      78    131      4    119      3        0  
000 20260421 01 10089   10104    309      241      68    021      3    066      3        0  
000 20260421 02 10084   10098    315      247      67    307      4    318      4        0  
000 20260421 03 10074   10089    315      247      67    299      5    303      5        0  
000 20260421 04 10061   10076    315      251      69    291      5    294      6        0  
000 20260421 05 10053   10068    315      259      72    281      7    282      7        0  
000 20260421 06 10046   10060    314      264      75    299      7    291      7        0  
000 20260421 07 10039   10054    315      262      74    295      5    296      6        0  
000 20260421 08 10040   10055    311      261      75    274      5    282      5        0  
000 20260421 09 10041   10055    300      260      79    227      3    270      3        1  
000 20260421 10 10048   10063    286      261      87    109      3    164      3        0  
000 20260421 11 10058   10073    269      261      95    122      4    112      4        0  
000 20260421 12 10065   10080    262      256      96    114      4    119      4        0  
000 20260421 13 10070   10085    258      253      97    123      3    110      3        0  
000 20260421 14 10072   10087    256      245      94    139      2    109      3        0  
000 20260421 15 10074   10089    252      242      94    106      2    127      2        0  
000 20260421 16 10071   10086    248      239      95    128      3    130      4        0  
000 20260421 17 10062   10078    251      235      91    125      3    121      4        0  
000 20260421 18 10058   10073    251      233      90    126      4    123      4        0  
000 20260421 19 10054   10069    249      231      90    145      4    133      4        0  
000 20260421 20 10055   10070    248      231      90    162      4    147      3        0  
000 20260421 21 10057   10073    242      230      93    167      3    179      3        0  
000 20260421 22 10064   10080    237      230      96    124      4    146      3        0  
000 20260421 23 10071   10086    252      234      90    104      4    108      4        0  
000 20260422 00 10077   10092    282      242      79    068      2    079      3        0  
000 20260422 01 10083   10098    306      248      71    336      5    013      4        0  
000 20260422 02 10080   10095    305      258      76    315      5    326      4        0  
000 20260422 03 10076   10091    309      267      78    297      6    300      5        0  
000 20260422 04 10066   10081    310      265      77    301      6    296      7        0  
000 20260422 05 10057   10072    305      263      79    278      7    281      6        0  
000 20260422 06 10055   10070    287      262      86    334      3    297      5       26  
000 20260422 07 10046   10061    284      266      90    199      2    085      2        8  
000 20260422 08 10047   10062    303      261      79    156      3    260      3        1  
000 20260422 09 10055   10070    277      265      93    075      4    094      5       11  
000 20260422 10 10059   10074    262      260      98    086      4    100      4        0  
000 20260422 11 10067   10082    256      254      98    123      3    120      4        0  
000 20260422 12 10070   10085    254      253      99    116      4    118      4        0  
000 20260422 13 10076   10091    252      247      97    111      4    115      4        0  
000 20260422 14 10078   10093    251      245      97    149      3    140      3        0  
000 20260422 15 10078   10094    247      245      99    148      4    147      3        0  
000 20260422 16 10076   10091    244      242      99    154      3    166      2        0  
000 20260422 17 10072   10087    238      237     100    360      1    162      2        0  
000 20260422 18 10066   10081    233      233     100    115      2    144      1        0  
000 20260422 19 10065   10080    232      231     100    360      1    134      1        0  
000 20260422 20 10067   10082    230      230     100    045      1    142      1        0  
000 20260422 21 10072   10088    228      228     100    360      1    131      1        0  
000 20260422 22 10081   10096    228      227     100    110      3    124      1        0  
000 20260422 23 10082   10097    243      236      96    101      4    101      3        0  
000 20260423 00 10088   10103    280      249      84    074      2    085      2        0  
000 20260423 01 10088   10103    301      253      75    314      3    023      3        0  
000 20260423 02 10087   10102    298      252      77    311      4    307      4        0  
000 20260423 03 10080   10095    307      254      73    308      4    322      4        0  
000 20260423 04 10070   10085    309      255      73    306      5    312      5        0  
000 20260423 05 10062   10077    309      255      73    280      6    292      6        0  
000 20260423 06 10054   10069    307      254      74    271      6    274      6        0  
000 20260423 07 10051   10066    305      259      76    269      4    270      5        0  
000 20260423 08 10046   10061    305      257      76    288      4    284      4        0  
000 20260423 09 10050   10065    304      258      77    242      4    254      4        0  
000 20260423 10 10057   10072    291      255      81    205      2    212      3        0  
000 20260423 11 10066   10081    280      257      87    200      3    172      3        0  
000 20260423 12 10075   10090    270      254      91    180      2    154      2        0  
000 20260423 13 10080   10095    264      249      92    102      2    115      2        0  
000 20260423 14 10082   10097    256      245      94    175      2    165      1        0  
000 20260423 15 10082   10097    247      245      99    165      2    163      2        0  
000 20260423 16 10079   10095    244      243     100    158      2    165      2        0  
000 20260423 17 10074   10089    241      241     100    360      1    153      2        0  
000 20260423 18 10066   10081    239      239     100    098      1    095      2        0  
000 20260423 19 10067   10082    235      235     100    125      3    146      1        0  
000 20260423 20 10070   10085    239      238     100    119      3    124      3        0  
000 20260423 21 10075   10091    237      237     100    129      2    147      1        0  
000 20260423 22 10080   10095    237      237     100    130      2    125      1        0  
000 20260423 23 10082   10097    252      244      95    126      1    084      2        0  
000 20260424 00 10083   10098    289      251      80    087      5    086      3        0  
000 20260424 01 10083   10098    308      247      70    028      5    043      5        0  
000 20260424 02 10080   10095    325      241      62    320      5    347      4        0  
000 20260424 03 10074   10088    326      246      63    292      6    312      5        0  
000 20260424 04 10066   10080    318      257      70    287      7    289      7        0  
000 20260424 05 10059   10074    316      264      74    294      7    294      7        0  
000 20260424 06 10048   10063    313      267      77    304      6    297      6        0  
000 20260424 07 10043   10057    315      267      76    292      5    290      6        0  
000 20260424 08 10043   10058    315      265      75    276      5    284      5        0  
000 20260424 09 10050   10064    307      264      78    239      3    257      4        0  
000 20260424 10 10058   10073    297      263      82    225      2    229      3        0  
000 20260424 11 10068   10083    281      264      91    137      1    172      2        0  
000 20260424 12 10075   10090    273      263      94    123      2    130      3        0  
000 20260424 13 10081   10097    266      258      95    151      2    134      2        0  
000 20260424 14 10081   10096    256      254      99    171      1    158      1        0  
000 20260424 15 10077   10092    251      248      98    360      1    136      2        0  
000 20260424 16 10073   10088    247      241      97    143      2    140      3        0  
000 20260424 17 10066   10081    244      237      96    119      2    139      3        0  
000 20260424 18 10066   10081    250      237      93    166      3    155      4        0  
000 20260424 19 10064   10079    253      239      92    154      3    162      3        0  
000 20260424 20 10066   10081    250      238      93    140      3    134      4        0  
000 20260424 21 10070   10085    251      239      93    114      4    142      4        0  
000 20260424 22 10079   10094    246      239      96    155      3    142      3        0  
000 20260424 23 10085   10100    256      244      93    144      2    141      3        0  
000 20260425 00 10087   10102    290      248      79    041      3    112      2        0  
000 20260425 01 10089   10104    314      239      65    001      5    022      5        0  
000 20260425 02 10090   10105    319      250      67    323      3    331      4        0  
000 20260425 03 10083   10097    317      259      72    308      6    305      5        0  
000 20260425 04 10069   10083    317      265      74    303      6    305      6        0  
000 20260425 05 10059   10074    318      269      75    292      7    299      7        0  
000 20260425 06 10058   10073    299      266      82    295      3    304      3        7  
000 20260425 07 10055   10070    295      267      85    261      4    289      2        1  
000 20260425 08 10056   10071    279      257      88    122      6    162      5        0  
000 20260425 09 10062   10077    262      253      95    125      3    123      3        0  
000 20260425 10 10071   10086    258      253      97    162      3    193      3        2  
000 20260425 11 10078   10094    253      251      99    100      2    106      3        0  
000 20260425 12 10087   10102    253      247      97    152      4    129      3        0  
000 20260425 13 10088   10103    254      240      92    119      4    125      4        0  
000 20260425 14 10082   10097    251      239      93    144      5    124      3        0  
000 20260425 15 10081   10096    249      240      95    113      4    133      4        0  
000 20260425 16 10075   10091    245      240      97    142      3    129      4        0  
000 20260425 17 10071   10086    246      241      97    129      5    138      4        0  
000 20260425 18 10063   10078    252      244      95    119      4    128      4        0  
000 20260425 19 10061   10076    253      245      95    040      1    118      2        0  
000 20260425 20 10062   10077    251      248      98    129      1    360      1        0  
000 20260425 21 10069   10084    251      248      99    131      1    125      3        0  
000 20260425 22 10078   10093    256      249      96    334      9    354      4        0  
000 20260425 23 10086   10102    265      250      91    342      8    342      9        0  
000 20260426 00 10089   10104    266      253      93    009      7    355      7        0  
000 20260426 01 10087   10102    279      257      88    295      4    343      3        0  
000 20260426 02 10078   10093    295      253      78    279      4    308      3        0  
000 20260426 03 10074   10089    298      255      78    278      6    290      5        0  
000 20260426 04 10064   10079    297      253      78    269      7    273      7        0  
000 20260426 05 10054   10069    304      255      75    272      6    271      7        0  
000 20260426 06 10051   10066    294      253      78    326      4    292      4        0  
000 20260426 07 10045   10059    287      254      82    335      1    319      2        0  
000 20260426 08 10048   10063    283      258      86    154      3    134      2        0  
000 20260426 09 10055   10070    273      259      92    152      3    152      3        0  
000 20260426 10 10056   10071    265      256      94    114      3    118      3        0  
000 20260426 11 10071   10086    259      249      94    099      1    131      2        0  
000 20260426 12 10080   10096    257      245      93    124      2    118      3        0  
000 20260426 13 10079   10094    257      242      92    091      2    111      2        0  
000 20260426 14 10079   10095    253      244      95    120      4    107      3        0  
000 20260426 15 10077   10092    250      243      96    360      1    113      1        0  
000 20260426 16 10067   10082    246      242      98    161      2    113      1        0  
000 20260426 17 10062   10078    244      243     100    112      1    360      1        0  
000 20260426 18 10058   10074    244      243      99    080      5    083      3        0  
000 20260426 19 10056   10071    246      241      97    090      4    095      4        0  
000 20260426 20 10055   10070    247      242      97    080      4    087      4        0  
000 20260426 21 10058   10073    249      243      96    138      4    114      4        0  
000 20260426 22 10063   10078    245      243      98    119      2    133      2        0  
000 20260426 23 10068   10083    251      241      94    165      2    124      3        0  
000 20260427 00 10077   10092    278      247      83    044      2    066      2        0  
000 20260427 01 10082   10097    299      252      76    313      3    355      3        0  
000 20260427 02 10078   10093    304      251      74    308      4    319      3    /////  
000 20260427 03 10073   10088    301      252      75    263      6    283      5    /////  
000 20260427 04 10064   10079    274      262      93    246      5    265      5    /////  
000 20260427 05 10056   10071    283      264      90    256      8    263      9    /////  
000 20260427 06 10052   10067    272      258      92    241      3    246      5    /////  
000 20260427 07 10056   10071    267      259      95    191      3    230      4    /////  
000 20260427 08 10056   10071    260      256      98    147      4    179      4    /////  
000 20260427 09 10061   10077    251      250      99    078      1    125      3    /////  
000 20260427 10 10069   10084   ////      248     100    102      2    ///    ///      188  
000 20260427 11 10077   10092    248      248     100    073      2    060      2        0  
000 20260427 12 10081   10097    246      246     100    089      3    084      3        0  
000 20260427 13 10087   10102    245      244     100    360      1    085      1        0  
000 20260427 14 10084   10099    242      241     100    124      2    360      1        0  
000 20260427 15 10085   10100    239      238     100    360      0    360      1        0  
000 20260427 16 10078   10093    237      237     100    073      3    075      2        0  
000 20260427 17 10071   10086    237      237     100    092      2    090      3        0  
000 20260427 18 10070   10085    235      235     100    161      1    360      1        0  
000 20260427 19 10067   10083    232      231     100    132      1    128      1        0  
000 20260427 20 10068   10083    231      230     100    360      1    125      1        0  
000 20260427 21 10068   10083    232      231     100    135      2    139      1        0  
000 20260427 22 10074   10089    233      232     100    111      3    115      3        1  
000 20260427 23 10079   10094    245      241      98    116      3    120      2        0  
000 20260428 00 10084   10099    280      251      85    030      2    080      1        0  
000 20260428 01 10088   10103    297      255      78    296      4    015      2        0  
000 20260428 02 10085   10100    295      253      79    280      6    293      3        0  
000 20260428 03 10078   10093    301      255      77    271      6    272      6        0  
000 20260428 04 10068   10083    305      259      77    278      6    278      6        0  
000 20260428 05 10057   10072    305      257      76    262      6    268      6        0  
000 20260428 06 10048   10063    290      254      81    221      2    257      4        0  
000 20260428 07 10045   10060    281      263      90    176      4    159      3        1  
000 20260428 08 10050   10065    278      260      90    166      5    155      5        0  
000 20260428 09 10059   10074    274      254      89    144      3    163      4        0  
000 20260428 10 10067   10082    266      247      89    129      3    150      3        0  
000 20260428 11 10079   10094    262      249      92    005      3    051      3        0  
000 20260428 12 10089   10104    259      251      95    048      5    028      5        0  
000 20260428 13 10091   10106    255      250      97    058      4    057      4        0  
000 20260428 14 10083   10098    252      247      97    074      3    069      3        0  
000 20260428 15 10080   10095    249      243      97    360      1    061      2        0  
000 20260428 16 10074   10089    244      242      98    148      1    110      1        0  
000 20260428 17 10068   10083    241      241     100    360      1    146      1        0  
000 20260428 18 10062   10077    238      238     100    098      1    360      1        0  
000 20260428 19 10061   10076    236      236     100    100      1    360      1        0  
000 20260428 20 10064   10079    236      236     100    100      3    101      2        0  
000 20260428 21 10066   10082    237      237     100    115      2    112      3        0  
000 20260428 22 10076   10092    236      236     100    148      1    101      2        0  
000 20260428 23 10082   10098    240      238      99    085      5    098      3        0  
000 20260429 00 10091   10106    276      248      85    071      1    087      3        0  
000 20260429 01 10097   10112    295      251      77    286      4    236      3        0  
000 20260429 02 10095   10110    289      249      79    306      2    303      3        0  
000 20260429 03 10093   10108    294      252      78    290      5    288      3        0  
000 20260429 04 10077   10092    296      253      78    322      3    303      4        0  
000 20260429 05 10064   10079    296      248      76    346      3    328      3        0  
000 20260429 06 10054   10069    308      254      73    302      4    315      4        0  
000 20260429 07 10052   10066    299      249      74    264      5    277      4        0  
000 20260429 08 10052   10067    300      246      73    269      4    272      4        0  
000 20260429 09 10057   10072    297      246      74    270      3    269      3        0  
000 20260429 10 10065   10080    287      249      80    213      2    220      2        0  
000 20260429 11 10073   10088    275      255      89    136      2    174      2        0  
000 20260429 12 10083   10098    265      255      94    114      3    124      3        0  
000 20260429 13 10089   10104    260      253      96    120      2    109      2        0  
000 20260429 14 10091   10106    254      251      98    125      3    119      3        0  
000 20260429 15 10092   10107    252      248      98    158      4    148      4        1  
000 20260429 16 10086   10101    250      247      98    091      2    119      2        0  
000 20260429 17 10080   10095    245      245     100    179      3    147      3        0  
000 20260429 18 10078   10093    244      243     100    147      2    167      3        0  
000 20260429 19 10073   10088    248      246      99    135      3    131      4        0  
000 20260429 20 10075   10090    248      246      98    105      4    132      4        0  
000 20260429 21 10077   10093    247      246      99    127      3    123      4        0  
000 20260429 22 10081   10096    245      244      99    134      3    127      3        0  
000 20260429 23 10085   10100    255      246      95    360      1    115      2        0  
000 20260430 00 10086   10101    290      250      79    338      1    018      2        4  
000 20260430 01 10088   10103    304      251      74    271      4    297      2        0  
000 20260430 02 10087   10102    302      251      74    289      6    286      5        0  
000 20260430 03 10083   10098    306      253      74    287      6    290      6        0  
000 20260430 04 10072   10087    308      255      74    298      6    294      6        0  
000 20260430 05 10065   10080    305      259      76    295      5    292      5        0  
000 20260430 06 10058   10073    296      261      82    134      3    228      4        2  
000 20260430 07 10052   10067    308      262      77    244      5    222      5        0  
000 20260430 08 10055   10070    307      258      75    235      4    249      5        0  
000 20260430 09 10068   10083    277      253      87    120      6    150      5       27  
000 20260430 10 10068   10083    245      245      99    109      2    133      4       94  
000 20260430 11 10074   10089    248      248     100    360      1    097      2        0  
000 20260430 12 10080   10096    248      248     100    062      1    092      1        0  
000 20260430 13 10085   10101    245      245     100    113      3    079      2        0  
000 20260430 14 10088   10103    243      243     100    132      3    128      3        0  
000 20260430 15 10084   10099    241      241     100    101      3    103      3        0  
000 20260430 16 10082   10098    240      240     100    139      2    126      3        0  
000 20260430 17 10075   10091    239      238     100    135      3    137      2        0  
000 20260430 18 10074   10089    236      236     100    161      2    131      1        0  
000 20260430 19 10072   10087    235      234     100    189      1    360      1        0  
000 20260430 20 10071   10086    234      233     100    360      0    360      1        0  
000 20260430 21 10074   10089    233      232     100    130      2    142      1        0  
000 20260430 22 10081   10096    232      232     100    360      1    123      1        0  
000 20260430 23 10091   10106    238      237     100    033      1    092      1        0  
