Hourly Report for WAWP
STN YYYYMMDD GG QFE36   QFF36   TEMP36   DEWP36   RH36   WD36   WS36   WD36   WS36   RA36   
xxx                                                       10     10     60     60           
                hPa     hPa     degC     degC     %      deg    kt     deg    kt     mm     
000 20260301 00 10059   10074    298      248      75    297      6    307      5        0  
000 20260301 01 10061   10076    305      247      71    303      5    304      5        0  
000 20260301 02 10061   10076    306      251      73    329      4    312      4        0  
000 20260301 03 10056   10071    309      250      71    314      4    321      4        0  
000 20260301 04 10050   10065    313      248      68    302      4    313      4        0  
000 20260301 05 10044   10059    314      246      67    306      4    301      4        0  
000 20260301 06 10035   10050    316      245      66    298      3    307      4        0  
000 20260301 07 10028   10043    310      243      67    305      2    320      2        0  
000 20260301 08 10028   10043    306      241      68    294      2    305      2        0  
000 20260301 09 10034   10049    308      242      68    002      3    332      2        0  
000 20260301 10 10038   10053    301      243      71    339      2    331      2        0  
000 20260301 11 10045   10060    283      248      81    088      1    015      2        0  
000 20260301 12 10053   10068    267      251      91    005      1    008      1        0  
000 20260301 13 10059   10073    296      248      76    304      3    317      4        0  
000 20260301 14 10063   10078    298      256      78    312      6    317      5        0  
000 20260301 15 10065   10079    296      258      80    310      4    312      5        0  
000 20260301 16 10060   10075    293      254      80    296      3    304      4        0  
000 20260301 17 10054   10069    288      258      84    281      3    290      3        0  
000 20260301 18 10051   10066    286      255      83    280      6    282      5        0  
000 20260301 19 10044   10059    286      245      79    294      6    290      6        0  
000 20260301 20 10043   10058    283      244      80    293      5    301      4        0  
000 20260301 21 10043   10058    282      246      81    285      5    287      5        0  
000 20260301 22 10049   10064    281      254      86    295      6    290      6        0  
000 20260301 23 10054   10069    283      256      85    295      6    298      6        0  
000 20260302 00 10060   10075    294      255      80    297      6    289      6        0  
000 20260302 01 10061   10076    301      261      79    308      6    301      6        0  
000 20260302 02 10059   10074    308      262      77    307      5    309      5        0  
000 20260302 03 10055   10070    309      261      76    323      5    316      5        0  
000 20260302 04 10049   10064    307      259      76    322      4    309      5        0  
000 20260302 05 10042   10056    312      259      74    340      3    326      4        0  
000 20260302 06 10037   10052    316      256      70    281      3    292      3        0  
000 20260302 07 10032   10047    318      250      67    311      2    305      3        0  
000 20260302 08 10032   10046    313      247      68    261      3    282      3        0  
000 20260302 09 10034   10049    306      248      71    226      2    247      2        0  
000 20260302 10 10040   10055    296      254      78    205      3    216      3        0  
000 20260302 11 10045   10060    284      257      85    213      4    208      4        0  
000 20260302 12 10055   10070    274      257      91    071      1    117      2        0  
000 20260302 13 10060   10075    263      254      95    360      1    093      1        0  
000 20260302 14 10062   10078    255      251      98    148      1    145      2        0  
000 20260302 15 10063   10078    254      251      99    360      1    120      1        0  
000 20260302 16 10060   10075    288      250      81    316      7    305      6        0  
000 20260302 17 10058   10073    292      243      75    298      7    309      7        0  
000 20260302 18 10054   10069    290      239      74    302      6    299      6        0  
000 20260302 19 10052   10067    286      244      78    291      5    296      5        0  
000 20260302 20 10053   10068    285      244      78    294      6    297      5        0  
000 20260302 21 10053   10068    284      244      79    296      5    293      5        0  
000 20260302 22 10054   10069    283      245      80    287      5    287      5        0  
000 20260302 23 10062   10077    287      244      78    291      7    293      6        0  
000 20260303 00 10069   10084    292      249      78    290      7    292      6        0  
000 20260303 01 10074   10089    300      251      75    297      6    294      7        0  
000 20260303 02 10072   10087    305      257      76    298      6    298      6        0  
000 20260303 03 10070   10085    314      259      73    304      5    303      6        0  
000 20260303 04 10061   10076    314      255      71    308      5    306      5        0  
000 20260303 05 10053   10068    312      261      75    306      5    305      6        0  
000 20260303 06 10045   10060    315      268      76    325      4    319      5        0  
000 20260303 07 10038   10053    319      265      74    307      6    311      5        0  
000 20260303 08 10036   10051    322      263      71    310      5    310      6        0  
000 20260303 09 10038   10053    313      265      75    274      5    290      5        0  
000 20260303 10 10045   10060    300      262      80    280      2    258      2        0  
000 20260303 11 10049   10064    286      263      88    295      2    285      1        0  
000 20260303 12 10058   10073    298      257      79    322      5    319      5        0  
000 20260303 13 10062   10077    298      259      80    314      4    318      4        0  
000 20260303 14 10064   10079    297      252      77    295      6    302      5        0  
000 20260303 15 10070   10085    296      247      75    300      4    301      5        0  
000 20260303 16 10066   10080    292      247      77    290      5    298      4        0  
000 20260303 17 10063   10078    290      248      78    303      4    298      4        0  
000 20260303 18 10059   10074    291      248      78    296      7    300      5        0  
000 20260303 19 10058   10072    290      248      78    295      7    295      7        0  
000 20260303 20 10058   10073    287      249      80    298      5    294      6        0  
000 20260303 21 10057   10072    286      247      80    299      4    293      5        0  
000 20260303 22 10056   10071    283      249      82    308      4    305      4        0  
000 20260303 23 10061   10076    285      250      81    311      3    310      3        0  
000 20260304 00 10068   10083    291      253      80    295      4    299      4        0  
000 20260304 01 10073   10088    294      257      80    290      5    292      5        0  
000 20260304 02 10070   10085    300      250      75    282      6    281      5        0  
000 20260304 03 10061   10076    303      239      68    286      4    284      6        0  
000 20260304 04 10052   10067    307      241      68    310      6    297      6        0  
000 20260304 05 10042   10057    310      241      67    276      6    290      6        0  
000 20260304 06 10038   10052    314      237      64    286      6    287      6        0  
000 20260304 07 10035   10050    309      246      69    310      5    303      5        0  
000 20260304 08 10032   10047    312      253      71    304      5    318      4        0  
000 20260304 09 10035   10050    310      259      75    308      4    299      4        0  
000 20260304 10 10040   10055    300      255      77    316      4    317      4        0  
000 20260304 11 10044   10059    298      245      74    287      9    297      7        0  
000 20260304 12 10054   10069    296      223      65    296      6    292      8        0  
000 20260304 13 10062   10077    291      225      68    298      6    295      7        0  
000 20260304 14 10065   10080    289      230      71    311      6    300      6        0  
000 20260304 15 10065   10080    286      242      77    297      7    301      6        0  
000 20260304 16 10065   10080    285      241      77    304      6    297      6        0  
000 20260304 17 10057   10072    284      243      78    336      5    316      4        0  
000 20260304 18 10051   10066    284      239      76    316      5    321      5        0  
000 20260304 19 10045   10060    282      239      78    304      4    304      4        0  
000 20260304 20 10044   10058    280      240      79    300      4    303      4        0  
000 20260304 21 10052   10067    280      238      78    286      3    300      3        0  
000 20260304 22 10060   10075    282      240      78    290      5    292      4        0  
000 20260304 23 10064   10079    282      244      80    292      4    297      4        0  
000 20260305 00 10064   10079    288      250      80    306      3    299      4        0  
000 20260305 01 10065   10080    297      255      78    034      5    341      4        0  
000 20260305 02 10062   10077    306      254      74    005      6    005      5        0  
000 20260305 03 10056   10071    308      249      71    354      5    358      5        0  
000 20260305 04 10051   10065    314      246      67    305      4    318      4        0  
000 20260305 05 10047   10062    309      246      69    306      4    304      4        0  
000 20260305 06 10040   10055    308      246      69    341      3    313      4        0  
000 20260305 07 10029   10044    311      246      68    324      2    327      3        0  
000 20260305 08 10027   10041    313      245      67    339      3    338      3        0  
000 20260305 09 10029   10044    315      241      65    014      5    005      4        0  
000 20260305 10 10034   10049    304      241      69    040      3    021      3        0  
000 20260305 11 10043   10058    288      243      77    040      2    039      3        0  
000 20260305 12 10050   10065    279      243      81    040      2    039      2        0  
000 20260305 13 10057   10072    266      246      89    062      1    092      1        0  
000 20260305 14 10062   10077    256      245      93    100      1    360      1        0  
000 20260305 15 10061   10077    254      245      95    154      1    114      1        0  
000 20260305 16 10055   10070    252      243      95    142      1    110      1        0  
000 20260305 17 10051   10066    250      241      95    131      1    125      1        0  
000 20260305 18 10044   10059    246      240      97    360      1    360      1        0  
000 20260305 19 10039   10054    242      239      98    155      1    141      1        0  
000 20260305 20 10037   10053    240      237      98    134      2    141      1        0  
000 20260305 21 10039   10054    239      235      97    116      2    138      1        0  
000 20260305 22 10042   10057    239      234      97    169      1    144      2        0  
000 20260305 23 10050   10065    245      237      95    139      2    139      2        0  
000 20260306 00 10054   10069    282      249      82    147      2    145      2        0  
000 20260306 01 10051   10066    307      251      72    287      4    168      2        0  
000 20260306 02 10051   10066    303      252      75    262      4    286      4        0  
000 20260306 03 10045   10060    310      256      73    244      5    264      4        0  
000 20260306 04 10040   10055    313      259      73    261      6    258      6        0  
000 20260306 05 10030   10044    316      263      74    250      6    258      7        0  
000 20260306 06 10022   10036    320      256      69    239      6    242      7        0  
000 20260306 07 10020   10035    325      239      61    228      7    227      6        0  
000 20260306 08 10020   10035    324      238      61    219      8    225      7        0  
000 20260306 09 10026   10041    312      242      66    209      8    214      7        0  
000 20260306 10 10029   10044    303      238      68    204      7    203      7        0  
000 20260306 11 10036   10051    290      240      75    178      4    195      5        0  
000 20260306 12 10049   10064    269      244      86    084      3    131      2        0  
000 20260306 13 10059   10074    262      244      90    161      2    143      2        0  
000 20260306 14 10061   10076    262      247      91    118      3    119      2        0  
000 20260306 15 10059   10074    259      247      93    206      2    151      2        0  
000 20260306 16 10058   10073    256      247      95    064      2    066      2        0  
000 20260306 17 10052   10067    257      246      93    110      2    106      2        0  
000 20260306 18 10048   10064    253      244      95    135      1    138      1        0  
000 20260306 19 10046   10061    254      244      95    042      5    063      2        0  
000 20260306 20 10048   10063    257      240      91    068      5    055      4        0  
000 20260306 21 10047   10062    255      237      90    051      4    083      3        0  
000 20260306 22 10050   10065    256      236      89    050      4    038      4        0  
000 20260306 23 10056   10071    252      239      93    065      2    075      3        0  
000 20260307 00 10067   10082    263      242      88    106      2    088      2        0  
000 20260307 01 10070   10085    282      250      83    036      1    084      2        0  
000 20260307 02 10071   10086    299      249      75    322      3    332      2        0  
000 20260307 03 10067   10082    312      247      68    320      3    326      3        0  
000 20260307 04 10072   10087    263      239      88    318      8    321      7      102  
000 20260307 05 10054   10070    254      243      94    059      4    004      4        2  
000 20260307 06 10047   10062    266      247      89    058      3    058      4        1  
000 20260307 07 10045   10060    268      248      89    060      3    047      4        0  
000 20260307 08 10042   10057    266      251      92    064      3    052      3        1  
000 20260307 09 10045   10060    267      251      91    075      3    104      2        0  
000 20260307 10 10055   10070    266      251      92    089      3    088      2        0  
000 20260307 11 10066   10081    258      248      94    082      3    085      3        0  
000 20260307 12 10074   10089    253      246      96    094      1    104      1        0  
000 20260307 13 10080   10095    250      243      96    178      3    145      2        0  
000 20260307 14 10088   10103    248      244      98    149      2    165      3        0  
000 20260307 15 10085   10100    249      242      95    144      3    128      3        0  
000 20260307 16 10081   10096    248      243      97    180      4    160      3        0  
000 20260307 17 10072   10087    250      241      95    171      3    171      4        0  
000 20260307 18 10067   10082    243      240      98    071      5    091      3        0  
000 20260307 19 10064   10079    243      242      99    100      3    081      3        0  
000 20260307 20 10063   10079    243      242      99    098      3    093      3        0  
000 20260307 21 10062   10077    243      239      98    094      1    079      2        0  
000 20260307 22 10067   10083    240      237      98    360      1    146      1        0  
000 20260307 23 10074   10089    250      241      95    118      3    110      2        0  
000 20260308 00 10079   10094    283      254      84    090      3    113      2        0  
000 20260308 01 10081   10096    301      253      76    314      2    333      2        0  
000 20260308 02 10080   10095    305      253      74    292      3    272      3        0  
000 20260308 03 10080   10095    306      257      75    262      4    272      4        0  
000 20260308 04 10075   10090    306      255      74    259      7    263      5        0  
000 20260308 05 10062   10077    305      246      71    255      6    260      6        0  
000 20260308 06 10052   10067    305      246      71    257      6    262      6        0  
000 20260308 07 10049   10063    305      246      71    256      6    258      6        0  
000 20260308 08 10046   10060    297      243      73    263      4    257      4        0  
000 20260308 09 10056   10071    294      243      74    251      4    256      4        0  
000 20260308 10 10065   10080    288      243      77    227      4    245      4        0  
000 20260308 11 10069   10084    279      247      83    360      0    210      2        0  
000 20260308 12 10073   10088    264      252      93    316      2    360      1        0  
000 20260308 13 10078   10093    276      253      88    321      3    303      2        0  
000 20260308 14 10083   10098    280      250      84    319      4    318      4        0  
000 20260308 15 10084   10099    282      250      83    299      7    308      5        0  
000 20260308 16 10079   10094    282      244      80    298      8    297      8        0  
000 20260308 17 10075   10090    281      238      78    291      7    296      7        0  
000 20260308 18 10070   10085    279      237      78    304      8    300      8        0  
000 20260308 19 10069   10084    276      239      80    303      8    300      7        0  
000 20260308 20 10072   10087    276      241      81    296      9    298      9        0  
000 20260308 21 10076   10091    277      241      81    298      8    297      8        0  
000 20260308 22 10080   10095    277      236      78    282      8    285      8        0  
000 20260308 23 10087   10102    280      239      78    283      8    284      8        0  
000 20260309 00 10092   10107    289      241      76    291      8    288      8        0  
000 20260309 01 10093   10108    298      240      71    291      8    295      7        0  
000 20260309 02 10094   10109    301      237      68    290      8    291      8        0  
000 20260309 03 10087   10102    304      239      69    286      8    285      8        0  
000 20260309 04 10079   10094    307      240      68    280      8    283      8        0  
000 20260309 05 10072   10087    305      241      68    285      6    284      7        0  
000 20260309 06 10068   10083    304      238      68    289      7    288      6        0  
000 20260309 07 10064   10079    302      241      70    281      6    285      6        0  
000 20260309 08 10059   10074    304      243      70    280      5    281      6        0  
000 20260309 09 10064   10079    287      243      78    282      9    279      8        0  
000 20260309 10 10068   10083    278      238      79    265      5    281      6        0  
000 20260309 11 10074   10089    279      242      80    316      4    297      5        0  
000 20260309 12 10079   10094    275      251      87    309      4    312      4        0  
000 20260309 13 10083   10098    274      247      85    318      4    314      4        0  
000 20260309 14 10083   10098    279      239      79    297      7    311      5        0  
000 20260309 15 10084   10099    283      233      75    298      6    296      7        0  
000 20260309 16 10076   10091    280      237      77    301      6    300      6        0  
000 20260309 17 10073   10088    281      238      78    296      8    297      6        0  
000 20260309 18 10071   10086    281      238      78    296      8    297      7        0  
000 20260309 19 10072   10087    282      238      77    286      8    289      8        0  
000 20260309 20 10073   10088    283      239      77    287      6    286      7        0  
000 20260309 21 10075   10090    283      242      78    291      8    289      8        0  
000 20260309 22 10074   10089    283      243      79    286      6    287      8        0  
000 20260309 23 10082   10097    285      243      78    281      8    283      7        0  
000 20260310 00 10087   10102    295      242      73    277     10    280      9        0  
000 20260310 01 10088   10103    304      240      69    280      9    279      9        0  
000 20260310 02 10084   10099   ////     ////     ///    ///    ///    ///    ///        0  
000 20260310 03 10081   10096    313      244      67    278      9    279      9        0  
000 20260310 04 10076   10091    314      244      66    287      8    283      8        0  
000 20260310 05 10068   10083    314      250      69    280      9    279      8        0  
000 20260310 06 10059   10074    316      248      68    279      7    278      8        0  
000 20260310 07 10056   10071    315      248      68    283      6    285      7        0  
000 20260310 08 10052   10067    306      251      72    287      8    287      7        0  
000 20260310 09 10056   10071    294      249      77    301      5    290      7        0  
000 20260310 10 10061   10076    289      242      76    290      4    300      4        0  
000 20260310 11 10067   10082    282      249      83    309      2    302      3        0  
000 20260310 12 10072   10087    283      248      81    343      4    340      4        0  
000 20260310 13 10074   10089    288      250      80    316      5    324      5        0  
000 20260310 14 10075   10090    291      249      78    294      9    295      7        0  
000 20260310 15 10074   10089    287      253      82    296      8    298      8        0  
000 20260310 16 10069   10084    284      254      84    303      7    300      7        0  
000 20260310 17 10066   10081    282      253      84    301      7    304      7        0  
000 20260310 18 10060   10075    282      247      81    295      9    296      8        0  
000 20260310 19 10058   10073    287      241      77    298      9    295      9        0  
000 20260310 20 10056   10071    288      240      76    290     10    294     10        0  
000 20260310 21 10061   10076    287      239      75    292     10    289      9        0  
000 20260310 22 10064   10079    285      242      78    301      7    296      9        0  
000 20260310 23 10070   10085    284      245      80    292      8    296      8        0  
000 20260311 00 10075   10090    291      244      76    286      9    290      8        0  
000 20260311 01 10078   10093    295      249      76    291      7    293      9        0  
000 20260311 02 10076   10091    303      249      73    297      9    294      8        0  
000 20260311 03 10071   10086    309      253      72    292     10    294      9        0  
000 20260311 04 10063   10078    310      257      73    304      7    298      8        0  
000 20260311 05 10052   10067    310      258      74    305      6    305      7        0  
000 20260311 06 10045   10060    316      251      69    282      9    285      8        0  
000 20260311 07 10042   10057    318      248      66    267      9    279      8        0  
000 20260311 08 10041   10056    314      249      69    255      7    263      7        0  
000 20260311 09 10042   10057    300      250      75    222      6    235      6        0  
000 20260311 10 10049   10064    292      249      78    216      5    218      6        0  
000 20260311 11 10057   10072    291      244      76    248      6    239      6        0  
000 20260311 12 10063   10078    290      247      78    253      7    251      6        0  
000 20260311 13 10070   10085    290      243      76    283      8    270      7        0  
000 20260311 14 10072   10087    287      244      77    305      5    293      7        0  
000 20260311 15 10071   10086    285      245      79    300      7    302      7        0  
000 20260311 16 10068   10083    282      249      82    297      9    297      8        0  
000 20260311 17 10060   10074    281      249      83    292     10    296      9        0  
000 20260311 18 10052   10067    282      248      82    290      9    291      9        0  
000 20260311 19 10050   10065    283      243      79    291      9    290     10        0  
000 20260311 20 10048   10063    284      242      78    286     10    288     10        0  
000 20260311 21 10054   10069    283      240      77    287     10    288     10        0  
000 20260311 22 10057   10072    283      241      78    289      9    292      9        0  
000 20260311 23 10066   10080    284      242      78    291      9    289     10        0  
000 20260312 00 10072   10087    287      239      76    293      9    292      9        0  
000 20260312 01 10076   10091    292      242      75    283      9    288      9        0  
000 20260312 02 10073   10088    299      239      70    286      9    283      9        0  
000 20260312 03 10067   10082    309      242      68    291     10    286     10        0  
000 20260312 04 10058   10073    313      247      68    274     10    281     10        0  
000 20260312 05 10050   10065    316      244      65    280     10    278     10        0  
000 20260312 06 10042   10057    309      240      67    281      9    282      9        0  
000 20260312 07 10042   10057    316      245      66    274      9    275      9        0  
000 20260312 08 10046   10061    297      246      74    243     11    257     10        0  
000 20260312 09 10043   10058    285      239      76    263      8    241      8        0  
000 20260312 10 10053   10068    285      242      78    256     10    256     11        0  
000 20260312 11 10058   10073    279      238      79    276      8    266     10        0  
000 20260312 12 10068   10083    276      237      79    285      7    284      8        0  
000 20260312 13 10072   10087    275      241      82    307      6    295      6        0  
000 20260312 14 10075   10090    277      242      81    301      6    308      6        0  
000 20260312 15 10072   10087    278      242      81    315      5    301      6        0  
000 20260312 16 10066   10081    278      240      80    302      5    306      6        0  
000 20260312 17 10061   10076    278      240      80    296      6    297      5        0  
000 20260312 18 10054   10069    279      240      79    287      6    295      6        0  
000 20260312 19 10051   10066    278      244      82    287      6    284      6        0  
000 20260312 20 10053   10068    280      243      80    292      8    289      7        0  
000 20260312 21 10054   10069    281      241      79    292      7    293      7        0  
000 20260312 22 10060   10075    280      241      80    282      7    286      7        0  
000 20260312 23 10068   10083    283      240      78    285      9    284      8        0  
000 20260313 00 10074   10089    290      244      77    287      8    286      8        0  
000 20260313 01 10079   10094    300      246      73    288      8    287      8        0  
000 20260313 02 10080   10095    294      247      76    285      6    289      7        0  
000 20260313 03 10072   10087    306      250      72    275      7    282      7        0  
000 20260313 04 10066   10081    310      251      71    280      6    266      6        0  
000 20260313 05 10058   10073    310      250      70    270      4    280      5        0  
000 20260313 06 10049   10064    306      249      72    285      5    276      4        0  
000 20260313 07 10042   10056    302      246      72    281      6    273      5        0  
000 20260313 08 10041   10056    302      240      70    275      8    274      8        0  
000 20260313 09 10044   10059    297      238      71    263      6    269      6        0  
000 20260313 10 10052   10067    293      241      74    279      8    275      7        0  
000 20260313 11 10061   10076    293      234      71    272      7    273      8        0  
000 20260313 12 10069   10084    290      240      75    302      3    287      5        0  
000 20260313 13 10076   10091    286      245      78    012      2    328      2        0  
000 20260313 14 10082   10097    258      245      92    093      1    112      1        0  
000 20260313 15 10082   10097    250      243      96    360      1    114      1        0  
000 20260313 16 10075   10090    255      239      92    306      5    008      2        0  
000 20260313 17 10071   10086    287      225      69    308      6    313      5        0  
000 20260313 18 10065   10080    284      224      70    301      4    298      5        0  
000 20260313 19 10062   10077    281      231      74    322      3    311      3        0  
000 20260313 20 10061   10076    279      241      80    298      4    303      4        0  
000 20260313 21 10064   10079    281      239      78    288      6    286      6        0  
000 20260313 22 10071   10086    280      241      79    295      4    291      5        0  
000 20260313 23 10081   10096    281      241      79    304      4    298      5        0  
000 20260314 00 10088   10103    292      242      75    318      5    320      4        0  
000 20260314 01 10094   10109    303      246      72    306      5    309      5        0  
000 20260314 02 10092   10107    308      245      69    306      3    308      5        0  
000 20260314 03 10089   10104    309      245      69    316      3    306      4        0  
000 20260314 04 10080   10095    309      249      70    296      3    316      4        0  
000 20260314 05 10070   10085    313      245      67    306      4    315      4        0  
000 20260314 06 10061   10076    314      239      65    337      3    308      4        0  
000 20260314 07 10053   10068    320      232      60    313      3    305      3        0  
000 20260314 08 10052   10066    321      230      59    315      2    331      3        0  
000 20260314 09 10053   10068    318      233      61    333      2    330      3        0  
000 20260314 10 10065   10080    307      239      67    271      2    281      2        0  
000 20260314 11 10072   10087    284      248      81    188      1    201      1        0  
000 20260314 12 10082   10098    268      252      91    158      2    158      2        0  
000 20260314 13 10092   10107    262      251      94    165      3    157      3        0  
000 20260314 14 10094   10109    261      248      93    126      4    144      3        0  
000 20260314 15 10091   10106    262      243      89    122      3    138      3        0  
000 20260314 16 10083   10099    264      242      88    163      3    149      3        0  
000 20260314 17 10076   10091    261      244      90    124      1    137      2        0  
000 20260314 18 10072   10088    255      245      94    132      1    143      1        0  
000 20260314 19 10072   10087    248      241      96    035      3    078      2        0  
000 20260314 20 10072   10087    257      246      94    079      3    059      4        0  
000 20260314 21 10077   10092    255      243      93    067      4    062      4        0  
000 20260314 22 10082   10097    256      243      93    063      4    048      3        0  
000 20260314 23 10090   10105    251      242      95    104      3    094      4        0  
000 20260315 00 10096   10111    257      241      91    092      1    073      2        0  
000 20260315 01 10101   10116    278      246      83    049      2    046      2        0  
000 20260315 02 10101   10116    295      244      75    033      3    041      3        0  
000 20260315 03 10095   10109    311      245      68    323      5    026      3        0  
000 20260315 04 10086   10101    309      246      69    327      4    323      4        0  
000 20260315 05 10073   10088    312      248      69    281      5    296      4        0  
000 20260315 06 10067   10081    314      245      67    292      4    283      4        1  
000 20260315 07 10063   10078    317      240      64    301      4    300      3        0  
000 20260315 08 10059   10074    312      235      64    008      4    333      3        0  
000 20260315 09 10059   10074    295      245      75    112      2    073      2        0  
000 20260315 10 10067   10082    285      254      83    058      1    090      2        0  
000 20260315 11 10073   10088    272      256      91    126      1    136      2        0  
000 20260315 12 10090   10105    264      255      95    147      4    152      2        0  
000 20260315 13 10094   10109    267      248      89    147      3    148      3        0  
000 20260315 14 10096   10111    262      246      91    123      3    141      3        0  
000 20260315 15 10098   10113    262      243      90    116      3    122      3        0  
000 20260315 16 10093   10108    266      245      88    217      6    164      3        3  
000 20260315 17 10088   10103    255      247      95    140      4    166      5        2  
000 20260315 18 10083   10098    248      242      96    102      4    108      3        0  
000 20260315 19 10075   10090    246      242      98    067      3    090      4        0  
000 20260315 20 10074   10089    249      244      97    103      2    080      1        0  
000 20260315 21 10074   10089    246      243      98    080      1    089      3        0  
000 20260315 22 10082   10098    244      242      99    080      3    088      3        0  
000 20260315 23 10087   10102    250      244      97    098      1    096      1        0  
000 20260316 00 10095   10110    276      247      84    032      4    052      3        0  
000 20260316 01 10097   10112    288      246      78    337      2    017      3        0  
000 20260316 02 10092   10107    300      249      74    320      5    326      3        0  
000 20260316 03 10088   10103    305      249      72    304      6    309      5        0  
000 20260316 04 10081   10096    308      253      73    296      6    298      5        0  
000 20260316 05 10073   10088    308      255      74    290      7    294      6        0  
000 20260316 06 10066   10081    306      252      73    307      5    297      5        0  
000 20260316 07 10063   10077    294      250      77    324      3    312      4        0  
000 20260316 08 10055   10070    290      245      77    360      1    302      2        0  
000 20260316 09 10059   10074    285      253      83    095      2    066      2        0  
000 20260316 10 10067   10082    280      256      87    156      2    118      2        0  
000 20260316 11 10072   10087    268      257      94    175      2    163      2        0  
000 20260316 12 10083   10098    263      255      95    130      3    147      2        0  
000 20260316 13 10088   10103    265      251      92    156      3    137      4        0  
000 20260316 14 10095   10111    263      249      92    155      3    144      3        0  
000 20260316 15 10095   10110    257      247      94    145      3    155      3        0  
000 20260316 16 10086   10101    257      247      94    146      3    148      3        0  
000 20260316 17 10080   10095    258      246      93    067      2    112      2        0  
000 20260316 18 10076   10091    259      249      94    150      4    136      3      166  
000 20260316 19 10076   10091    251      251     100    360      1    125      2        3  
000 20260316 20 10077   10092    251      251     100    096      3    105      2        0  
000 20260316 21 10077   10092    252      251     100    127      2    105      2        0  
000 20260316 22 10080   10095    251      250     100    112      2    120      2        0  
000 20260316 23 10084   10099    256      254      99    360      1    121      1        0  
000 20260317 00 10089   10104    294      259      82    254      3    323      2        0  
000 20260317 01 10093   10108    293      253      79    304      4    285      4        0  
000 20260317 02 10094   10109    303      252      74    305      4    304      4        0  
000 20260317 03 10094   10108    306      254      74    296      5    305      5        0  
000 20260317 04 10084   10099    310      256      73    308      6    306      6        0  
000 20260317 05 10076   10091    294      245      75    275      4    296      4        0  
000 20260317 06 10065   10080    289      244      77    242      2    275      3        0  
000 20260317 07 10062   10077    295      245      75    227      4    244      3        0  
000 20260317 08 10057   10072    309      245      69    268      3    253      4        0  
000 20260317 09 10061   10076    299      242      71    229      2    258      3        0  
000 20260317 10 10072   10087    284      249      82    290      1    230      2        0  
000 20260317 11 10085   10100    280      246      82    192      2    265      3        0  
000 20260317 12 10093   10108    260      251      95    050      1    127      1        0  
000 20260317 13 10092   10107    257      250      96    112      2    111      2        0  
000 20260317 14 10096   10112    251      248      98    114      1    136      2        0  
000 20260317 15 10091   10106    249      246      98    120      1    360      1        0  
000 20260317 16 10083   10099    247      245      99    126      1    098      1        0  
000 20260317 17 10080   10095    246      244      99    123      2    126      1        0  
000 20260317 18 10076   10091    247      245      98    127      1    103      1        0  
000 20260317 19 10071   10087    250      246      98    069      3    096      2        0  
000 20260317 20 10077   10092    257      247      94    149      4    062      3        0  
000 20260317 21 10078   10093    245      238      96    142      4    155      7        0  
000 20260317 22 10081   10096    240      239      99    110      1    112      2        0  
000 20260317 23 10085   10100    244      242      99    087      1    121      1        0  
000 20260318 00 10091   10106    265      250      92    048      2    117      2        0  
000 20260318 01 10099   10114    296      254      78    360      3    004      3        0  
000 20260318 02 10097   10112    301      257      78    320      4    334      4        0  
000 20260318 03 10094   10109    303      257      77    309      5    326      5        0  
000 20260318 04 10087   10102    305      256      75    302      6    299      6        0  
000 20260318 05 10076   10091    306      256      75    292      7    298      6        0  
000 20260318 06 10062   10077    308      253      73    285      5    296      6        0  
000 20260318 07 10060   10075    300      252      76    282      3    294      4        0  
000 20260318 08 10062   10076    289      251      80    241      2    263      2        0  
000 20260318 09 10064   10079    285      256      85    325      1    270      1        0  
000 20260318 10 10068   10083    275      261      92    107      3    109      2        0  
000 20260318 11 10077   10092    267      259      95    099      2    117      3        0  
000 20260318 12 10087   10102    263      257      96    163      2    360      1        0  
000 20260318 13 10093   10108    260      254      97    360      1    134      3        0  
000 20260318 14 10097   10112    259      251      95    102      2    109      2        0  
000 20260318 15 10089   10104    259      249      95    072      2    104      2        0  
000 20260318 16 10083   10098    255      247      96    120      2    070      1        0  
000 20260318 17 10077   10092    254      247      96    129      1    158      2        0  
000 20260318 18 10069   10084    253      246      96    024      2    091      2        0  
000 20260318 19 10063   10079    251      246      97    113      3    100      2        0  
000 20260318 20 10060   10076    250      246      97    082      3    096      2        0  
000 20260318 21 10066   10081    247      245      99    109      1    100      2        0  
000 20260318 22 10074   10089    246      246     100    074      3    087      1        0  
000 20260318 23 10085   10101    250      249      99    190      2    093      1        0  
000 20260319 00 10093   10108    245      238      96    149      5    258      4       28  
000 20260319 01 10095   10110    242      238      98    131      5    134      5        0  
000 20260319 02 10094   10109    257      246      94    112      3    115      4        0  
000 20260319 03 10085   10100    290      255      82    347      4    044      3        0  
000 20260319 04 10075   10090    301      253      76    323      4    331      4        0  
000 20260319 05 10062   10077    297      255      78    302      3    310      3        0  
000 20260319 06 10053   10068    304      252      74    266      6    273      6        1  
000 20260319 07 10050   10065    299      253      76    281      3    277      5        0  
000 20260319 08 10048   10062    294      254      79    217      2    262      3        0  
000 20260319 09 10052   10067    292      253      80    299      2    272      1        0  
000 20260319 10 10064   10079    284      257      85    047      2    356      1        0  
000 20260319 11 10070   10085    273      261      93    110      3    093      2        0  
000 20260319 12 10076   10091    265      259      96    093      3    100      3        0  
000 20260319 13 10082   10097    262      258      98    118      3    124      2        0  
000 20260319 14 10086   10101    260      255      97    175      2    145      3        0  
000 20260319 15 10085   10100    257      252      97    360      1    091      1        0  
000 20260319 16 10078   10093    254      250      98    127      3    140      2        0  
000 20260319 17 10074   10089    248      246      99    360      1    125      2        0  
000 20260319 18 10072   10088    246      245     100    049      1    360      1        0  
000 20260319 19 10067   10082    244      243      99    119      1    106      1        0  
000 20260319 20 10066   10081    245      245     100    159      1    113      2        0  
000 20260319 21 10069   10084    246      245      99    131      1    102      2        0  
000 20260319 22 10074   10089    245      244     100    133      2    121      1        0  
000 20260319 23 10080   10095    248      247      99    150      2    119      3        0  
000 20260320 00 10090   10105    266      256      95    188      2    154      1        0  
000 20260320 01 10094   10109    284      259      87    135      3    153      3        0  
000 20260320 02 10093   10108    291      253      80    266      3    210      2        0  
000 20260320 03 10092   10108    275      254      88    299      6    299      5        1  
000 20260320 04 10083   10098    262      248      92    315      2    311      3        3  
000 20260320 05 10071   10086    280      250      84    286      4    310      3        0  
000 20260320 06 10067   10082    272      247      86    253     13    262      6        0  
000 20260320 07 10067   10082    254      233      88    325      2    287      6        2  
000 20260320 08 10064   10079    245      236      95    076      3    076      4        0  
000 20260320 09 10066   10081    240      237      98    092      2    111      2        1  
000 20260320 10 10074   10090    240      239     100    055      1    094      1        0  
000 20260320 11 10081   10096    238      238     100    060      4    051      3        0  
000 20260320 12 10087   10102    237      237     100    071      4    068      4        0  
000 20260320 13 10088   10103    240      238      99    055      4    059      4        0  
000 20260320 14 10094   10109    242      236      96    056      2    058      4        0  
000 20260320 15 10095   10111    241      235      97    077      4    096      3        0  
000 20260320 16 10093   10109    240      233      96    133      1    101      2        0  
000 20260320 17 10088   10103    236      235      99    360      1    131      1        0  
000 20260320 18 10082   10098    239      238     100    046      3    081      2       13  
000 20260320 19 10080   10095    238      237     100    068      2    072      3        0  
000 20260320 20 10079   10094    238      237      99    039      4    040      4        0  
000 20260320 21 10077   10092    241      240      99    042      6    048      4       18  
000 20260320 22 10080   10096    242      242     100    062      4    040      4        0  
000 20260320 23 10087   10102    244      243      99    056      3    061      3        0  
000 20260321 00 10090   10106    264      248      91    057      3    058      3        0  
000 20260321 01 10088   10103    292      244      76    317      2    016      3        1  
000 20260321 02 10087   10102    301      239      69    302      4    320      3        0  
000 20260321 03 10084   10099    301      244      72    333      3    327      3        0  
000 20260321 04 10080   10095    301      247      73    247      4    280      4        0  
000 20260321 05 10070   10085    304      248      72    294      4    293      3        0  
000 20260321 06 10063   10078    307      248      71    288      4    273      4        0  
000 20260321 07 10057   10072    305      246      71    229      3    254      4        0  
000 20260321 08 10055   10070    308      246      70    245      3    280      3        0  
000 20260321 09 10057   10072    299      245      73    283      2    271      2        0  
000 20260321 10 10066   10081    286      249      81    104      2    184      2        0  
000 20260321 11 10072   10087    273      258      91    360      1    360      1        0  
000 20260321 12 10079   10094    269      258      94    114      2    129      1        0  
000 20260321 13 10085   10100    266      255      93    360      1    116      3        0  
000 20260321 14 10085   10100    261      251      94    119      3    118      3        0  
000 20260321 15 10085   10101    256      247      94    104      3    112      3        0  
000 20260321 16 10080   10095    254      247      96    044      2    069      2        0  
000 20260321 17 10077   10092    253      247      97    015      4    061      2       16  
000 20260321 18 10070   10085    250      247      98    111      1    056      2        2  
000 20260321 19 10068   10083    246      245     100    128      1    095      1        0  
000 20260321 20 10067   10082    243      243     100    360      1    121      2        0  
000 20260321 21 10066   10081    241      240     100    360      1    132      1        1  
000 20260321 22 10068   10083    244      243     100    106      3    115      3        3  
000 20260321 23 10075   10090    249      247      99    101      3    094      4        0  
000 20260322 00 10084   10099    274      253      89    079      3    072      3        0  
000 20260322 01 10085   10100    289      256      83    009      2    030      3        0  
000 20260322 02 10084   10099    297      253      78    334      2    337      3        0  
000 20260322 03 10076   10091    302      253      75    320      4    332      4        0  
000 20260322 04 10070   10085    308      251      72    289      4    304      4        0  
000 20260322 05 10067   10082    304      255      75    280      6    289      5        0  
000 20260322 06 10068   10083    266      243      87    252      7    261     10        3  
000 20260322 07 10058   10073    268      241      85    174      5    243      4        1  
000 20260322 08 10058   10073    263      246      90    147      3    144      3        0  
000 20260322 09 10058   10073    258      248      95    111      4    138      3        0  
000 20260322 10 10069   10085    258      252      97    156      1    093      2        0  
000 20260322 11 10075   10090    256      250      97    094      1    098      1        0  
000 20260322 12 10078   10093    263      245      90    334      3    339      2        0  
000 20260322 13 10081   10097    265      245      89    157      2    061      3        0  
000 20260322 14 10086   10101    260      247      93    260      4    175      2        0  
000 20260322 15 10083   10098    259      247      93    126      1    153      2        0  
000 20260322 16 10079   10094    250      245      97    360      1    117      1        0  
000 20260322 17 10070   10085    248      247      99    360      1    084      1        0  
000 20260322 18 10065   10080    249      248      99    003      1    030      2        0  
000 20260322 19 10064   10079    254      248      96    287      7    024      2        0  
000 20260322 20 10068   10083    276      246      84    302      9    298      8        0  
000 20260322 21 10063   10079    249      241      95    068      5    035      8        0  
000 20260322 22 10063   10078    241      239      99    043      2    032      5        0  
000 20260322 23 10068   10083    241      238      98    360      1    058      2        0  
000 20260323 00 10078   10093    260      244      91    329      3    038      2        0  
000 20260323 01 10079   10094    288      246      79    284      9    290      8        0  
000 20260323 02 10076   10091    296      253      78    297      7    290      7        0  
000 20260323 03 10072   10087    300      250      75    317      4    302      6        0  
000 20260323 04 10063   10078    302      251      74    306      3    311      4        0  
000 20260323 05 10054   10069    307      248      71    324      3    296      4        0  
000 20260323 06 10045   10060    309      246      69    304      3    306      4        0  
000 20260323 07 10046   10061    307      240      68    320      3    304      3        0  
000 20260323 08 10045   10060    300      239      70    270      3    285      3        0  
000 20260323 09 10050   10065    293      240      73    175      2    216      2        0  
000 20260323 10 10055   10070    283      247      81    081      2    089      2        0  
000 20260323 11 10059   10074    270      250      89    046      1    050      2        0  
000 20260323 12 10065   10080    259      250      95    133      2    149      2        0  
000 20260323 13 10070   10085    254      248      96    143      1    136      1        0  
000 20260323 14 10072   10087    253      246      96    143      1    145      1        0  
000 20260323 15 10072   10087    251      243      96    360      1    084      2        0  
000 20260323 16 10063   10078    247      241      96    360      1    128      1        0  
000 20260323 17 10053   10068    244      239      97    086      1    360      1        0  
000 20260323 18 10051   10066    275      239      81    314      6    321      5        0  
000 20260323 19 10046   10061    279      240      80    039      3    343      5        0  
000 20260323 20 10047   10063    256      245      94    045      4    042      3        0  
000 20260323 21 10049   10064    251      243      95    080      1    060      2        0  
000 20260323 22 10055   10070    253      241      94    315      4    001      2        0  
000 20260323 23 10061   10076    281      250      83    125      2    321      3        0  
000 20260324 00 10068   10083    285      256      85    358      4    040      2        0  
000 20260324 01 10068   10083    302      256      77    350      3    343      3        0  
000 20260324 02 10066   10081    309      253      72    299      4    318      4        0  
000 20260324 03 10061   10076    308      254      73    277      3    303      3        0  
000 20260324 04 10053   10068    309      257      74    274      3    273      4        0  
000 20260324 05 10042   10057    310      256      73    282      3    279      3        0  
000 20260324 06 10035   10050    314      252      70    263      4    281      4        0  
000 20260324 07 10031   10046    318      243      65    251      2    265      3        0  
000 20260324 08 10029   10044    322      234      60    306      2    292      2        0  
000 20260324 09 10032   10047    315      231      61    216      2    213      2        0  
000 20260324 10 10042   10056    303      241      70    219      2    228      3        0  
000 20260324 11 10050   10065    279      254      87    176      2    196      1        0  
000 20260324 12 10054   10069    272      258      92    160      2    180      2        0  
000 20260324 13 10057   10072    265      256      95    145      2    150      2        0  
000 20260324 14 10059   10074    257      251      97    115      4    125      3        0  
000 20260324 15 10060   10075    255      247      95    116      3    130      2        0  
000 20260324 16 10054   10069    251      245      97    120      3    127      2        0  
000 20260324 17 10049   10064    248      243      97    360      0    117      1        0  
000 20260324 18 10049   10064    246      242      97    360      1    111      1        0  
000 20260324 19 10048   10063    247      242      97    360      1    118      1        0  
000 20260324 20 10050   10065    248      241      96    360      1    093      1        0  
000 20260324 21 10051   10066    249      242      96    164      2    101      1        0  
000 20260324 22 10052   10067    244      241      98    108      1    120      1        0  
000 20260324 23 10060   10075    245      244      99    132      2    137      1        0  
000 20260325 00 10076   10091    264      251      93    178      2    124      2        0  
000 20260325 01 10075   10090    287      252      82    093      2    117      2        0  
000 20260325 02 10071   10086    301      250      74    272      4    145      2        0  
000 20260325 03 10062   10077    301      254      76    280      4    291      3        0  
000 20260325 04 10058   10072    313      253      71    288      6    293      5        0  
000 20260325 05 10050   10064    313      252      70    263      5    274      6        0  
000 20260325 06 10046   10060    314      252      70    238      5    245      5        0  
000 20260325 07 10045   10060    303      255      75    218      6    229      6        0  
000 20260325 08 10047   10062    295      261      82    217      4    213      6        0  
000 20260325 09 10047   10062    293      259      82    217      2    215      4        0  
000 20260325 10 10056   10071    286      260      86    067      2    120      2        0  
000 20260325 11 10065   10080    275      264      94    123      1    106      1        0  
000 20260325 12 10071   10086    270      262      95    125      2    118      2        0  
000 20260325 13 10077   10092    269      260      95    131      4    136      3        0  
000 20260325 14 10081   10096    271      257      92    115      2    124      3        0  
000 20260325 15 10078   10093    268      257      94    129      1    071      2        0  
000 20260325 16 10072   10087    262      258      98    360      0    360      1        0  
000 20260325 17 10067   10082    256      253      98    124      2    134      2        0  
000 20260325 18 10063   10078    253      250      98    121      3    121      3        0  
000 20260325 19 10065   10080    249      246      98    114      1    118      2        0  
000 20260325 20 10067   10082    246      243      98    171      1    138      2        0  
000 20260325 21 10067   10082    243      242     100    360      1    132      1        0  
000 20260325 22 10071   10086    240      239     100    132      1    115      1        0  
000 20260325 23 10078   10093    248      244      98    139      1    360      1        0  
000 20260326 00 10081   10096    289      257      83    003      1    057      1        0  
000 20260326 01 10086   10101    301      259      78    265      5    300      3        0  
000 20260326 02 10082   10097    300      260      79    261      5    266      5        0  
000 20260326 03 10072   10087    305      262      78    270      6    268      5        0  
000 20260326 04 10066   10081    310      258      74    275      7    273      6        0  
000 20260326 05 10055   10070    311      255      72    245      6    256      6        0  
000 20260326 06 10048   10062    307      254      74    238      6    242      6        0  
000 20260326 07 10048   10063    317      253      69    239      6    241      6        0  
000 20260326 08 10047   10062    314      250      69    226      6    234      6        0  
000 20260326 09 10052   10067    311      240      66    214      5    220      6        0  
000 20260326 10 10060   10075    303      232      66    092      2    181      3        0  
000 20260326 11 10072   10087    278      244      82    091      4    094      3        0  
000 20260326 12 10077   10092    272      246      86    180      3    121      3        0  
000 20260326 13 10083   10098    262      248      92    093      4    123      3        0  
000 20260326 14 10086   10102    258      248      94    129      2    121      2        0  
000 20260326 15 10085   10100    254      248      96    107      1    134      2        0  
000 20260326 16 10082   10097    255      248      96    149      1    142      1        0  
000 20260326 17 10076   10091    252      246      96    125      3    133      2        0  
000 20260326 18 10076   10092    248      242      96    117      4    131      2        0  
000 20260326 19 10076   10091    248      240      96    142      3    142      3        0  
000 20260326 20 10078   10093    249      242      96    137      1    145      2        0  
000 20260326 21 10078   10094    247      243      98    360      1    164      1        0  
000 20260326 22 10080   10095    244      243      99    164      1    143      1        0  
000 20260326 23 10084   10100    246      244      99    159      2    150      2        0  
000 20260327 00 10081   10096    273      249      87    153      3    147      2        0  
000 20260327 01 10079   10094    305      250      73    192      4    180      4        0  
000 20260327 02 10078   10093    308      248      70    280      7    231      4        0  
000 20260327 03 10073   10088    307      261      77    277      7    291      6        0  
000 20260327 04 10066   10080    309      258      75    260      7    266      7        0  
000 20260327 05 10061   10076    310      256      73    258      8    260      7        0  
000 20260327 06 10052   10067    311      260      74    242      7    247      7        0  
000 20260327 07 10049   10064    303      262      79    242      6    243      6        0  
000 20260327 08 10048   10063    294      253      78    216      2    231      4        0  
000 20260327 09 10047   10062    289      253      81    217      3    215      3        0  
000 20260327 10 10057   10072    287      256      84    360      1    216      2        0  
000 20260327 11 10062   10077    271      260      94    103      1    093      2        0  
000 20260327 12 10066   10081    261      256      97    087      4    122      2        0  
000 20260327 13 10075   10090    257      254      98    104      1    117      1        0  
000 20260327 14 10085   10101    253      251      99    360      1    360      1        0  
000 20260327 15 10082   10097    249      248     100    097      3    114      2        0  
000 20260327 16 10073   10089    246      246     100    360      1    360      1        0  
000 20260327 17 10068   10083    244      243     100    360      1    360      1        0  
000 20260327 18 10069   10084    241      240     100    106      1    128      1        0  
000 20260327 19 10064   10079    239      239     100    154      1    360      1        0  
000 20260327 20 10069   10084    238      236      99    118      1    360      1        0  
000 20260327 21 10072   10087    236      235     100    360      0    360      1        0  
000 20260327 22 10076   10092    235      235     100    095      1    124      1        0  
000 20260327 23 10084   10099    243      239      98    122      3    120      3        0  
000 20260328 00 10088   10103    278      254      87    076      3    106      3        0  
000 20260328 01 10092   10107    302      256      77    185      4    179      4        0  
000 20260328 02 10092   10106    306      253      73    260      6    231      5        0  
000 20260328 03 10084   10099    309      255      73    264      7    265      7        0  
000 20260328 04 10075   10090    310      253      72    264      7    262      7        0  
000 20260328 05 10064   10079    310      258      74    270      7    265      7        0  
000 20260328 06 10053   10068    311      261      75    263      6    267      6        0  
000 20260328 07 10048   10063    310      256      73    244      6    249      6        0  
000 20260328 08 10048   10062    293      252      78    200      4    212      4        0  
000 20260328 09 10046   10060    289      250      80    189      3    193      3        0  
000 20260328 10 10054   10069    285      255      84    157      3    132      2        0  
000 20260328 11 10065   10080    271      256      92    360      1    143      2        0  
000 20260328 12 10071   10086    260      254      96    135      2    121      2        0  
000 20260328 13 10076   10091    259      247      93    086      2    101      2        0  
000 20260328 14 10080   10095    251      244      96    187      3    131      2        0  
000 20260328 15 10080   10096    244      243      99    153      2    148      1        0  
000 20260328 16 10077   10092    242      241     100    094      1    137      2        0  
000 20260328 17 10070   10085    239      238     100    142      2    149      2        0  
000 20260328 18 10064   10080    235      235     100    150      2    142      2        0  
000 20260328 19 10065   10080    235      234     100    134      1    138      2        0  
000 20260328 20 10064   10079    234      234     100    105      4    125      4        0  
000 20260328 21 10070   10085    235      234      99    112      2    114      1        0  
000 20260328 22 10076   10092    233      233     100    139      1    126      2        0  
000 20260328 23 10083   10098    244      239      97    066      1    124      1        0  
000 20260329 00 10088   10102    286      252      82    360      1    130      2        0  
000 20260329 01 10090   10105    302      251      74    280      5    263      3        0  
000 20260329 02 10089   10104    301      256      77    286      5    287      5        0  
000 20260329 03 10084   10099    307      257      75    293      6    290      6        0  
000 20260329 04 10071   10086    312      258      73    283      6    287      7        0  
000 20260329 05 10062   10077    312      260      74    273      7    275      7        0  
000 20260329 06 10052   10067    315      256      71    245      7    249      7        0  
000 20260329 07 10049   10064    309      259      75    229      6    237      7        0  
000 20260329 08 10044   10059    304      256      76    223      5    227      6        0  
000 20260329 09 10050   10065    300      253      76    203      4    212      5        0  
000 20260329 10 10054   10069    295      256      79    200      4    216      4        0  
000 20260329 11 10062   10077    282      256      86    107      3    112      3        0  
000 20260329 12 10070   10085    272      251      88    141      3    147      2        0  
000 20260329 13 10080   10095    264      247      90    129      2    144      2        0  
000 20260329 14 10082   10097    256      247      95    109      3    092      2        0  
000 20260329 15 10082   10098    251      244      96    182      1    126      2        0  
000 20260329 16 10075   10090    245      242      99    156      1    163      2        0  
000 20260329 17 10070   10085    241      240     100    109      2    153      2        0  
000 20260329 18 10065   10080    237      237     100    360      1    147      1        0  
000 20260329 19 10062   10077    236      235     100    131      1    140      1        0  
000 20260329 20 10060   10075    234      233     100    134      3    148      2        0  
000 20260329 21 10071   10086    233      232     100    360      0    120      2        0  
000 20260329 22 10075   10090    230      230     100    360      0    128      1        0  
000 20260329 23 10080   10095    243      238      97    156      1    144      2        0  
000 20260330 00 10087   10102    285      247      80    105      3    139      2        0  
000 20260330 01 10088   10103    301      247      73    049      4    079      3        0  
000 20260330 02 10088   10103    322      242      63    293      4    097      5        0  
000 20260330 03 10083   10098    301      248      73    299      5    297      5        0  
000 20260330 04 10073   10088    304      250      73    267      6    272      6        0  
000 20260330 05 10067   10082    317      257      71    273      9    269      7        0  
000 20260330 06 10060   10075    311      261      75    239      9    247      9        0  
000 20260330 07 10069   10084    260      246      92    046      8    047      9      218  
000 20260330 08 10062   10077    240      240     100    026      4    018      5       55  
000 20260330 09 10067   10082    240      239     100    027      3    036      3        6  
000 20260330 10 10070   10085    242      242     100    360      1    032      3        0  
000 20260330 11 10076   10091    242      242     100    082      3    072      3        0  
000 20260330 12 10081   10097    242      242     100    110      3    142      2        0  
000 20260330 13 10091   10106    243      242     100    004      3    123      2        0  
000 20260330 14 10094   10109    243      243     100    360      1    102      1        0  
000 20260330 15 10095   10110    244      243     100    138      1    134      1        0  
000 20260330 16 10090   10105    244      244     100    360      0    360      1        0  
000 20260330 17 10088   10103    243      242     100    360      1    360      1        0  
000 20260330 18 10081   10096    241      241     100    151      2    114      1        0  
000 20260330 19 10078   10093    239      238     100    114      4    128      3        0  
000 20260330 20 10078   10094    238      238     100    109      4    117      4        0  
000 20260330 21 10080   10095    237      236     100    082      4    083      4        0  
000 20260330 22 10083   10099    238      236      99    360      1    104      2        0  
000 20260330 23 10092   10107    249      242      96    360      1    130      1        0  
000 20260331 00 10099   10114    295      245      75    119      1    148      1        1  
000 20260331 01 10100   10115    301      244      72    049      4    031      4        0  
000 20260331 02 10099   10114    307      246      70    044      5    040      5        0  
000 20260331 03 10094   10109    313      246      68    321      4    052      4        0  
000 20260331 04 10085   10100    302      255      76    282      8    296      6        0  
000 20260331 05 10076   10091    297      258      80    290      8    290      8        0  
000 20260331 06 10072   10087    292      256      81    269      6    278      8        0  
000 20260331 07 10071   10086    252      238      92    060      1    149      5       28  
000 20260331 08 10073   10088    240      239      99    056      4    057      3       72  
000 20260331 09 10072   10087    239      238     100    109      3    133      3       14  
000 20260331 10 10077   10093    243      243     100    145      1    119      2        1  
000 20260331 11 10087   10102    243      242     100    036      1    046      1        0  
000 20260331 12 10094   10110    241      241     100    089      2    095      2        0  
000 20260331 13 10099   10115    240      239     100    078      4    086      3        0  
000 20260331 14 10101   10116    239      239     100    091      2    107      3        0  
000 20260331 15 10100   10115    237      237     100    360      1    117      2        0  
000 20260331 16 10097   10112    235      235     100    121      1    360      1        0  
000 20260331 17 10090   10105    234      234     100    360      1    360      1        0  
000 20260331 18 10084   10100    235      235     100    129      1    124      2        0  
000 20260331 19 10083   10098    235      235     100    120      1    108      1        0  
000 20260331 20 10082   10097    234      234     100    360      1    139      1        0  
000 20260331 21 10085   10100    233      233     100    144      1    105      1        0  
000 20260331 22 10089   10104    234      233     100    082      2    360      1        0  
000 20260331 23 10093   10108    243      241      99    113      2    094      2        0  
